0.7002773917100699
1.5393730252811677
4.8589719316429765
1.6794256847485503
3.9164496650022476
3.802351022611669
1.559480765382838
3.5247856198478895
4.674499231292217
2.550799653951183
1.493369524819332
4.237713199752784
1.526608193588886
4.053997537205932
2.5984987978515033
3.7555020884321744
1.793443763338368
1.8352486510152775
2.4074859035470344
2.1912842886482946
0.0
1.0648525923253458
1.4262733286728257
6.544046164595428
2.73422492104585
9.412491551164452
3.770678435743331
0.8978862447756447
1.826472886268134
1.1652512227907519
0.47462176237300036
1.6504045595709425
2.1297051846506916
1.3072157844994778
3.614851517838537
2.0928956004098502
21.409092659758045
4.861086827434944
2.033435199928181
9.103526405546068
2.939806889647791
1.2927264865780022
4.520446072862726
2.9561645124389617
1.943043650185126
1.2557690800697192
3.0890553181566975
1.4262733286728257
0.9964194812460634
1.1524538390587937
1.6536434015815746
3.1744215127700426
2.276859592073037
5.124328416067987
2.3901021968803136
1.7574239156849023
6.809398432036521
1.2443969494386207
2.5802625919834825
1.5988982111295638
1.2724686314753924
1.1622974570266493
9.782375748961453
1.8196871111910016
2.014497422069854
1.962672844874697
5.402199838138951
1.6504045595709425
1.8081859802267473
1.0180430070274853
0.0
1.1548422250985524
2.151159633747987
1.0134961585174012
1.4569908972698322
4.553719184146073
1.1199985381604938
2.4520037521807825
6.474997203797596
1.5342333164810604
7.603430887294236
3.658883430086347
3.2674392554094007
0.0
2.172054551709621
0.9964194812460634
1.958224832501124
1.5784309053930103
1.962672844874697
1.286713095960916
1.121617874316939
1.6404472625060698
2.8028496487689654
1.727223799216787
3.9566236357113054
3.9287078732937015
1.493369524819332
2.7531049048266314
2.044945184517553
7.831957705977147
1.7557381354086663
1.870493404082208
1.5880117714047368
3.737437943747671
2.8650960345947087
2.0018796078701695
1.5784309053930103
1.1490594273092027
1.2505421356079893
2.0398734695274308
1.793443763338368
3.235537081118379
2.279658441354004
1.476132136851538
1.0956421443241475
3.890531292833292
2.719665272174911
9.74812453975988
2.926030824737281
2.8398387225677895
0.8539456561476954
0.0
3.8580622684126213
3.4901807086831904
5.336626135787335
1.9543738309112921
2.1671320168371846
6.654221263555511
3.031060490822769
5.919720809373671
1.4763939041893883
2.6029390449536347
1.8432337541755524
1.559480765382838
4.108053662461269
2.331372206682652
2.7986638015484915
1.5880117714047368
2.2731543567022867
5.816635421147515
2.324594914053299
5.838877303003469
0.959641509636166
2.3490132160552855
1.9240848598265397
29.256127307315065
2.4495087791876022
2.3629035975324633
5.551277111446363
6.1947675577375945
1.2414943415352928
1.9011755113058346
4.535972311062616
2.0752738657056446
9.103526405546068
2.840992425313402
1.870493404082208
4.92467473444436
1.2927264865780022
4.1858747270392405
2.676151223648335
2.1671320168371846
5.6641802272004975
2.8048598302198355
1.2193311110766474
2.0244462660665508
0.0
2.1962438984958195
10.308675254291908
3.4301479951801634
2.9799893137327635
1.2443969494386207
2.1904167208616503
2.1962438984958195
1.7179060012299232
1.7127944207563817
1.352914939815383
2.5131854313529596
1.1784531110724779
2.482716946958931
2.4634538206340344
0.0
3.0532163871777716
1.822219538915644
2.1682844669250505
1.848842653599503
6.151986961870088
1.5732934811145336
1.6466642419110007
4.295382417831811
10.945882771578301
7.141816289329644
8.16269933693977
1.8884748972625875
3.9645132534206886
3.787865612579481
2.8244460759801417
3.7954847898457067
6.798898171917449
10.127993013562818
6.151986961870088
1.5732934811145336
2.5619350633574154
3.630906651274709
5.901430676196751
3.5105351265231564
1.7243945943080494
3.748131723822483
1.7574239156849023
4.504200716069104
1.2753173755527876
8.893868599300616
2.331372206682652
10.079037376973913
6.837203339116283
8.036517486170723
2.7794738724637273
10.127993013562818
1.6898369320139537
3.640269476826553
2.7817944940467845
1.8884748972625875
2.6711961764401657
1.6794256847485503
7.5744217586349345
6.761642533250772
4.108053662461269
1.6382096202167773
2.266105731214982
2.298666038841233
2.3569062221449553
3.802351022611669
6.370405230161802
2.217364545514408
3.551851328486764
1.7709744791388575
9.25329498915617
0.3678423750124121
3.9645132534206886
1.6207525738139132
1.6934096677198087
2.3956077840709282
1.045953676514853
5.816635421147513
3.1731768853938878
2.092817867871188
1.2165013609501771
4.984034516807836
2.9171735901692597
3.0901532587310254
2.1752305331861557
1.3705063051209185
7.012887580040736
0.0
1.9146030690102511
2.9559265264674432
1.0959933475393717
3.0890553181566975
1.2992493989257516
1.9192830192723322
2.045903267148538
1.056853363362932
10.571070857151538
7.158561577277536
1.5036799852134888
1.848842653599503
1.4104555382959003
3.802351022611669
3.0901532587310254
1.3339264902154053
12.109013026441868
11.21274375599766
1.389736936231864
1.506189323093867
2.0446749214858784
2.3901021968803136
1.9860695522999654
2.159701133933343
0.0
3.1221929756173616
7.425055521504613
8.475426399505569
3.7419436034576044
2.5540496664715904
3.012378646187734
3.7419436034576044
6.091781416212464
7.050012289384432
0.0
2.2731543567022867
7.108486297836999
2.725770058666702
2.482716946958931
1.7574239156849023
3.0372940354383413
6.964541799727335
0.3717600563390328
7.495553473355842
5.431360807863856
0.0
1.9822566267103439
1.2157709822493183
1.9011755113058346
4.456882760699063
3.2415051476278265
2.6510202602018675
2.6750401179648735
3.3868193354396166
2.236291640216015
4.108053662461269
3.4838498034204695
4.098769866037126
1.2992493989257516
1.4104555382959003
10.435185733665413
2.257394309242011
1.7557381354086663
4.196114906296549
5.993031480537873
5.134877429943371
1.9240848598265397
1.5342333164810604
3.1726297461095347
1.211033800737062
4.065425428798724
7.593603555191143
1.9405391848516154
2.276859592073037
2.3241552650948334
2.8398387225677895
5.061867434834413
3.377156414337854
2.635069935693234
3.9645132534206886
2.5058623314122577
2.159701133933343
1.6023787294278133
2.627961710408444
5.4957573647494575
2.719665272174911
3.708659055657029
2.643967315856774
3.4585921141027356
5.64785727197696
1.4104555382959003
9.535414040914192
7.495553473355842
2.7714500898167658
1.727223799216787
1.4780822562194806
3.0098043843528286
0.0
1.1498052049318417
2.8182998883818935
1.3667950042025578
3.0717490052419585
2.894744944119913
1.727223799216787
1.1524538390587937
4.456882760699063
1.1470679500084795
8.821755394657538
3.0759934809350447
1.038539619163422
1.397648678478756
3.172414419318193
1.8836055116571193
2.2869567780619007
3.6005134109777908
1.9146030690102511
3.657993333229942
3.9645132534206886
4.34373789135831
0.9285102139778091
4.965977366141172
3.8856620103720525
3.630906651274709
2.5197593442434796
5.782181718593854
1.905004099711834
1.420698017277876
2.8398387225677895
2.140311488246745
2.719665272174911
4.019656738893367
1.6504045595709425
9.747400660161846
1.2663302792223932
3.2677968802443296
4.456882760699063
1.696134390396339
4.5739135561238005
4.425672527771729
2.847964238283142
1.7557381354086663
1.286713095960916
4.814971807094068
3.0038402582596286
1.8196871111910016
7.269788536383445
12.691046181801012
1.1945432876925166
2.0460807371093344
16.188613565728215
1.4780822562194806
1.4014248243844825
7.347053125977879
2.0018796078701695
2.0367079635817533
6.23145818591118
2.024717482894875
1.1620776325474167
3.300809119141885
3.0890553181566975
20.617350508583826
3.823246852690463
1.6794256847485503
4.711994634490387
4.196114906296549
4.319402267866687
2.339201018016462
4.480836160121357
3.7477767366779213
5.223577740745085
5.495865161150692
2.3889803462089954
6.837203339116283
3.0098043843528286
0.8699141688737136
3.3310670381425025
3.890531292833292
3.510331402689865
2.6510202602018675
8.392229812593097
2.0540268312306345
1.8160849415439309
1.6966007891337822
0.0
0.8522452865706931
0.0
1.5732934811145336
6.727996774866286
1.3494116947566301
2.2869567780619007
1.3058944351862714
1.7911710595643588
2.2241100841129926
1.6504045595709425
1.5666908890418971
2.8886790607758566
2.5010842712159786
1.2157709822493183
6.143498010483918
1.7143556986705923
0.0
1.101558515022716
8.097785064266205
3.203977047873906
1.1239503708631486
1.2753998269755913
1.493369524819332
5.381887058206485
1.4445809981770859
4.6784020360329235
1.915654182812138
2.3901021968803136
3.817681337429047
5.9703448812578594
1.996819088094332
3.5823421191287177
3.377156414337854
1.4500372328365223
3.0532163871777716
1.2090878038257866
1.1116513189759736
2.5058623314122577
5.517784889816492
3.652945772536268
3.275436973907051
3.377156414337854
3.787865612579481
0.7649632466726853
0.9383958192760751
1.6504045595709425
0.6258807799153787
0.9964194812460634
2.528878218509562
1.2944532586971997
2.719665272174911
2.159701133933343
5.88824855781174
6.851723496815999
3.598442364155524
3.3961882197738325
3.1465869622290663
1.0755798168739934
1.387819277861591
1.4445809981770859
0.0
3.0113336565384827
8.097785064266205
2.488793898877242
1.7574239156849023
1.4091499441909465
4.108053662461269
2.445593937240363
4.753622060013117
0.7288849545163943
3.0717490052419585
2.3901021968803136
1.7967002567978951
4.92467473444436
3.673526562988939
2.5683319547529764
1.4780822562194806
3.3796738640279074
4.016138436407654
1.7507288457485173
2.627961710408444
2.2362916402160153
0.0
1.6526850525490153
1.7035962947530545
4.053984634069605
4.753622060013117
2.912973268471526
1.6466642419110007
2.4858281414101677
1.633898440122165
7.726324029196256
0.0
2.5802625919834825
12.049514584750938
3.358851369497101
0.0
0.0
4.480836160121357
1.1133308819227488
0.9507105644202
3.9164496650022476
3.377156414337853
1.0747017861729933
2.159701133933343
8.277592810429546
1.3559070724704323
2.159701133933343
3.5410607693940146
1.7911710595643588
1.5393730252811677
1.7911710595643588
1.205256842736819
3.6117503894018803
1.432548017297354
1.826472886268134
2.380649473058063
2.158229074594286
2.0446749214858784
2.0943178884208566
2.5674387149716855
0.0
4.295382417831811
3.354419842711541
6.288914797547567
4.674499231292217
2.350856319301989
5.56358898809357
9.63699593939329
2.1671320168371846
2.033435199928181
4.789685837486139
4.454018572865409
3.0880345373904734
16.188613565728215
9.487143551469764
4.1798820492168565
1.7574239156849023
2.7794738724637273
4.319402267866687
12.605968092174914
5.166992049767956
1.420698017277876
1.8884748972625875
9.256152194214271
4.97542221629887
2.8265205879007453
1.2157709822493183
7.439820585622744
1.2095787412365644
3.657993333229942
9.782375748961453
9.848356600914203
8.500539049202116
4.980350822852675
4.33662281769497
3.42209762272661
2.8650960345947087
2.000245408596587
3.1221929756173616
6.394766688900896
5.2540533178982916
1.7611044047748272
0.0
3.1134205846975775
2.5452736501450914
3.393026569182827
1.199348129252962
8.897616258800886
1.389736936231864
1.62293446078038
2.002497376685517
4.134788202666105
1.9818283811909514
1.8709718017288024
7.658412276041004
2.1351412846882103
0.0
1.2992493989257516
0.0
4.456882760699063
5.2540533178982916
6.073248826686349
7.722291137744484
2.6732195558808063
3.3582360261774293
3.787865612579481
3.787865612579481
1.7995423963268318
2.725770058666702
2.4074859035470344
1.8564670505078418
3.7541625264671095
3.0521968279991727
0.0
4.196114906296549
3.235912122544166
2.8048598302198355
6.249439580998987
2.8398387225677895
1.2193311110766474
2.159701133933343
5.177813034788801
2.299610409863684
2.8398387225677895
2.6510202602018675
2.01381482546679
2.719665272174911
6.429451441231725
1.5479961579211166
2.380938670844935
3.172414419318193
7.04038724596934
0.8404845444815474
2.2694309136445803
3.4487891886160993
5.912329024877923
1.872391895200192
3.551851328486764
3.499025840724868
2.9867390496386634
1.8392543051944334
9.535414040914192
3.1846520522279267
5.085064635017896
2.0705706652424007
2.5285951011061134
6.1492781423641185
2.1671320168371846
3.644667088679882
2.8629993657668873
2.7076576267554477
5.751391809950023
3.2808945250121395
1.493369524819332
0.0
3.0890553181566975
4.63999306444672
1.4500372328365223
1.2443969494386207
2.8048598302198355
3.7541625264671095
2.8886790607758566
1.8337651269639847
1.996819088094332
4.339467128024337
2.9772075064752817
3.0198353148289345
8.097785064266205
15.071676257541073
3.2415051476278265
3.4352376920340264
1.9290311342063107
1.8804896237194968
2.1962438984958195
10.435185733665413
9.509434197387401
2.0540268312306345
2.7350745327086687
4.546308713404575
2.5802625919834825
4.085892079136996
1.9822566267103439
2.8731570526769397
1.3113617852675474
2.2708927002193318
1.8432337541755524
3.1165713370180494
2.1498515598577344
7.633425279798759
7.425868202031366
13.364127603112498
1.709714016749041
2.8287741849118055
6.754312828675707
1.996819088094332
2.5006150769968634
2.0259636476769014
1.4892060910136795
0.0
0.0
1.2165013609501771
2.0661822887602486
3.0216776104535565
2.4426633221059637
8.991638350527197
2.627961710408444
1.8709718017288024
2.8886790607758566
5.165604006110218
0.2870037216514949
2.799103318440567
1.188432823684058
4.02724819242185
1.5582856685090247
1.1622974570266493
1.9146030690102511
1.689504190417109
1.4434866204761703
5.816635421147513
10.552670315936318
2.6676719129038626
2.6446713072165675
2.124035816216534
1.121617874316939
2.694351240818421
2.9000744656730446
2.4181756076515732
3.679288975307387
1.494348998143061
2.6556282775658278
2.436573185046295
2.331372206682652
2.0018796078701695
2.5058623314122577
1.5750473255825859
2.7794738724637273
1.526608193588886
3.802351022611669
3.2677968802443296
2.747577956933031
2.9171735901692597
4.493526411017959
2.105203616828164
1.7480196349515862
4.34373789135831
1.5520752705473078
3.2752131144353003
0.9077452013560507
9.684433213089315
11.902363807507333
6.103695699038169
2.8699975236874655
8.59076483566362
2.6711961764401657
1.4500372328365223
2.7374353552268276
1.3995516592202837
2.1912842886482946
2.249314687490921
5.154337627145953
2.3901021968803136
2.39565466748011
14.04301646510462
4.237713199752784
6.1635772022175175
11.689882104415396
2.0540268312306345
0.0
6.627818259992695
2.5770532560308355
0.0
2.747577956933031
6.409912521492097
2.4594148499375623
1.2557690800697192
1.526608193588886
1.1620776325474167
2.4426633221059637
2.9025207558830606
3.4352376920340264
1.9192830192723322
3.0901532587310254
2.9867390496386634
2.069858556434968
1.8709718017288024
1.958224832501124
1.6600356204705504
2.4526253005220444
0.9625140930473534
2.1366487289112728
0.9196271525972168
2.6778658817271266
2.8085997490043626
1.8884748972625875
1.9597111522295017
1.9597111522295017
3.673526562988939
7.994117708843314
1.4014248243844825
3.5549581778843327
7.347053125977879
5.044156957071519
1.494348998143061
2.382602936618736
0.9402448118597484
2.908317710573757
4.767707020457095
3.632928877985223
2.2869567780619007
2.952787808378777
4.456882760699063
0.90734290676978
1.184949136625139
1.559480765382838
4.108053662461269
7.305267243289862
4.244218502271574
6.106432774355542
3.21858262703621
2.6447377251333912
1.1524538390587937
1.3024295746348018
3.21858262703621
1.123099644603982
4.196114906296549
2.5540496664715904
1.1524538390587937
2.1671320168371846
5.929013753174112
2.042946039568498
1.3381873576734222
3.0098043843528286
4.456882760699063
2.977665307178987
2.252278368576829
1.4960059607491631
6.772997136689072
5.959615211458471
3.614851517838537
3.748131723822483
0.0
2.54389214461475
1.7345617945636578
3.5370672969916654
5.6710416623797855
1.7562304182796835
5.114378508081996
2.6711961764401657
2.340700845232044
23.39745530819144
2.4623373672221804
3.7877535273106733
1.2753998269755913
1.826472886268134
8.403703759902122
1.962672844874697
4.019656738893367
8.774216744205622
1.826472886268134
9.287528999566801
1.7179060012299232
5.695928476566283
3.4901807086831904
9.336098046190488
4.7584037026681765
0.732982310966735
2.7794738724637273
1.5732934811145336
5.123870126714832
2.8265205879007453
8.286037947656906
5.558947744927456
3.8385660385446636
2.4074859035470344
3.3582360261774293
2.847964238283142
2.829363769634144
2.4905777339875574
6.003221519606051
4.019656738893367
2.2869567780619007
3.0977170338913473
8.066974340737668
1.6504045595709425
3.3546577195234963
4.273297457822545
3.2808945250121386
9.885362316286797
3.558121865218773
3.7556255267550958
3.21858262703621
3.016200863100729
1.9944262508570803
2.2869567780619007
1.5462543431396485
1.9240848598265397
2.4181756076515732
2.8398387225677895
1.7179060012299232
16.591034019261166
8.218074077265651
2.369898273250278
0.9795563576098021
6.964541799727335
4.02724819242185
3.7419436034576044
2.357313684245234
2.4557150113447888
1.3638844983778693
1.8154533256373546
4.85790033242728
4.705244978975818
2.2869567780619007
4.480836160121357
3.0787460505623363
3.652945772536268
6.837203339116283
2.292084231617577
4.319402267866687
9.246523455174716
2.1300733682208985
3.551851328486764
1.2966677563796438
9.115820665864726
10.332090908268508
4.862672384805388
5.680128876005507
2.445593937240363
2.9943453467012375
5.479632719500534
1.4899946568663818
0.9359100614362484
2.380649473058063
1.9011755113058346
1.4262733286728257
2.627961710408444
2.6449275365764713
2.8886790607758566
1.5099515168632092
1.962672844874697
2.372094012055542
2.8398387225677895
1.9011755113058346
1.286713095960916
1.6934096677198087
2.224972978585352
2.5785713549430027
1.2129160218336537
5.577683931475492
9.84148644912228
1.9498594589547462
4.939683679143552
3.4585921141027356
1.7921903624811637
3.235912122544166
3.7477767366779213
2.1476912089159055
3.2399023551226187
4.456882760699063
8.279070605814123
1.8160849415439309
4.344109103419242
3.698843015342541
13.336225508365068
5.730192069189417
1.9011755113058346
2.3569062221449553
2.5379389281930553
1.493369524819332
1.4763939041893883
6.038193765255163
1.1784531110724779
1.727223799216787
1.826472886268134
1.3794462224541233
2.3889803462089954
1.3355980882200826
3.495853800791991
2.3901021968803136
0.7121639145293107
1.8426431031261368
1.1498052049318417
2.5488079011500315
0.0
5.705093314691302
19.493995755254467
2.0881104633754846
9.535414040914192
2.5042878540631146
0.0
4.108053662461269
4.108053662461269
3.0717490052419585
4.567211833282236
1.526608193588886
7.305267243289862
4.92467473444436
4.453323527690995
7.066026049079721
1.8837055744961377
2.0367079635817533
2.168776900007474
1.978904244299352
1.994691414228073
1.4687168144827005
1.0342887033450927
2.2731543567022867
0.969094302009921
3.3864985683445354
2.2569948473340524
2.328734903585348
2.251889061850022
1.3338359564519315
8.312565735249724
2.1476912089159055
8.17113829506735
2.224972978585352
2.1671320168371846
0.0
2.447822402834545
10.682827247639555
2.0943178884208566
2.2731543567022867
4.456882760699063
0.0
1.8564670505078418
1.385791648223264
1.4262733286728257
1.189353035827293
3.802351022611669
1.7324044975269597
5.255923420816887
6.143498010483918
0.0
0.9047454515789122
2.8027285749761597
1.696134390396339
2.1671320168371846
21.64425279308615
3.284586897669342
2.8525466573456515
8.032276872815304
6.1858869353519506
1.0523284588555708
3.2677968802443296
2.9171735901692597
4.456882760699063
1.8900924361305647
5.30918756028263
5.166992049767956
2.8244460759801417
3.5105351265231564
3.7776418604808364
1.3338359564519315
1.7179060012299232
3.652945772536268
5.166992049767956
1.0840573102942703
1.6480774556324307
5.439330544349821
2.8886790607758566
1.2662755779615116
4.279076667861739
1.149599967302413
4.019656738893367
3.9253456897493937
1.4763939041893883
0.0
1.3244516499373467
1.8519813603358881
4.0784396133803815
10.583814787289993
8.513012360883549
5.64785727197696
1.3113617852675474
1.7600631436276775
12.35622127262679
2.271520942376964
0.6069389755495703
11.363817415150832
7.498217612206663
1.0469817367798506
5.10809933294318
2.197619560866788
2.816436055679256
4.597891300661083
2.2869567780619007
1.4378558189726398
2.627961710408444
2.1476912089159055
1.559480765382838
2.4426633221059637
2.0877077807874116
1.6934096677198087
1.793443763338368
2.9943453467012375
4.237713199752784
2.224972978585352
2.3497215931088395
2.5540496664715904
1.7911710595643588
2.372094012055542
3.551851328486764
2.4330027219003543
5.8564582332753705
1.856022760168382
2.0540268312306345
2.2479007417262973
6.481236440245939
5.10809933294318
3.0603367373678014
2.908317710573757
0.0
2.917627777667694
1.7914405838882346
7.232031895361329
2.3736464705373104
4.743866035456086
1.526608193588886
3.0890553181566975
3.8078550433225806
6.844195245453219
5.551277111446363
5.401157445454033
1.1493330194206166
1.9240848598265397
8.139165682360764
2.548807901150031
1.585236384822604
1.5155302454113846
3.8078550433225806
4.085892079136997
2.734713061144216
1.6207525738139132
1.2931082546814154
5.118164602105636
3.3255816283263235
1.6276888006478718
1.633898440122165
1.8326366473923452
7.348498842978893
4.018258743085361
2.198466134297366
1.2663302792223932
5.166045454134253
2.8525466573456515
2.8073132766813726
3.2939660882542805
1.6466642419110007
8.202101859611703
0.0
8.097785064266205
2.251889061850022
1.4763939041893883
1.5880117714047368
1.1008462059749267
4.027629650933579
2.276859592073037
1.4958621777754548
4.016138436407654
4.857535428328099
6.0553176407282985
10.093029251593194
3.6321698830878617
1.7911710595643588
3.3864985683445354
2.0752738657056446
11.130638084393922
2.8182998883818935
5.816635421147513
3.9164496650022476
2.1757005275562795
1.4104555382959003
1.9169807603100912
7.655122720591221
1.2350387043213578
3.0098043843528286
1.245328399916687
1.6934096677198087
1.4204962126567007
1.2663302792223932
2.9981608222721716
9.290214674953907
10.674626537222094
1.387819277861591
1.6794256847485503
11.203754340102181
1.8074257589192684
2.4426633221059637
7.495553473355842
3.1221929756173616
3.7477767366779213
2.4074859035470344
3.5823421191287177
1.789234746542202
1.389736936231864
3.3582360261774293
2.092817867871188
7.6571285087467755
3.0688609283290416
10.442811810548667
6.143498010483918
2.2266617638454975
4.632167391197641
2.8699975236874655
2.329790780031453
3.235912122544166
5.730192069189417
1.7914405838882346
1.9126814422004574
5.394284505764231
9.792531733010927
12.25914995865642
4.456882760699063
1.590161597663872
0.0
4.814971807094068
1.7574239156849023
2.627961710408444
8.073596029181454
2.324594914053299
12.00890435576038
4.789232204309912
3.0118579559893055
3.8055688344379246
2.6296314021834246
3.2374986018987983
8.145817656724596
2.042946039568498
3.6321698830878617
1.9822566267103439
6.3532109971814155
0.0
2.7794738724637273
2.33938131470931
4.5739135561238005
8.961672320242714
2.0244462660665508
1.5803328778385926
4.337553800014947
6.567274736060395
3.8229746997386345
7.164684238257436
1.5752815038467733
1.5466223519779607
4.019656738893367
5.136663909505954
3.415238793409534
2.7588924449082466
2.1476912089159055
3.22783642152686
2.445593937240363
10.883374605182809
4.334264033674369
6.106432774355545
7.613630012682585
2.5450723423460606
2.8916070046094724
2.2000115916912106
3.644667088679882
1.9333889829607735
3.598442364155524
2.719665272174911
4.534086576963962
4.968018039415939
2.711765617333668
4.223201453497891
0.7436039837965288
1.82680755836395
12.021577610863728
1.052923339622545
2.298666038841233
1.0554178378899564
1.4401700123453016
2.799645412649855
1.7620300614149331
1.6257798650627393
0.0
0.0
9.474537444206174
3.0890553181566975
2.6556282775658278
1.2744039505750158
2.7588924449082466
2.1671320168371846
1.1599713834969503
3.9164496650022476
3.551851328486764
1.5988982111295638
2.816436055679256
0.0
4.504556737153659
2.226430210797539
24.53424678747742
6.64601628955087
5.147358142448879
1.3239810061347872
2.445593937240363
10.601317434781206
2.4700774086427155
4.141141330484801
14.100024578768863
10.521495173810226
0.0
2.568331954752977
1.6466642419110007
5.0912128230977505
2.627961710408444
2.799103318440567
1.3339264902154053
2.952787808378777
1.9011755113058346
3.101863029931011
2.5828020030551087
0.0
2.9522642737030766
3.2342452920962157
0.0
4.344109103419242
2.8650960345947087
5.134877429943371
3.3864985683445354
2.5081323912089943
6.384875295507791
5.10809933294318
6.204308159428347
5.057190202212226
5.406472082217333
2.4074859035470344
5.0794638303243715
2.042946039568498
4.237713199752784
2.952464657861394
14.752569038049874
3.5198870526684183
3.1251907639724417
2.2731543567022867
2.568331954752977
3.4487891886160993
3.787865612579481
6.109833740738946
21.3643503198117
2.822923857805611
1.5643180021894856
1.696134390396339
10.437113062397778
5.669791110976001
2.627961710408444
4.319402267866687
3.1465869622290663
3.8229746997386345
3.1731768853938878
0.0
4.266331692956901
1.9822566267103439
1.432548017297354
2.264164155209104
1.3667950042025578
2.5131854313529596
9.782375748961453
2.4623373672221804
5.417833029589825
1.8888209302404182
1.3389812472744242
3.5823421191287177
1.5393730252811677
1.9011755113058346
0.0
1.506189323093867
5.2102021638388685
4.237713199752784
11.044795567078939
2.5449372629507847
2.8244460759801417
6.054506513220935
5.751391809950023
4.45846686713744
4.456882760699063
1.6504045595709425
2.4495087791876022
2.159701133933343
1.3353534059549443
3.6349929333352318
2.0705706652424007
7.3140318268287645
9.535414040914192
10.008350737965104
2.5488079011500315
0.0
8.794090522118719
2.4526253005220444
2.1912842886482946
6.143498010483918
1.3372412117892358
4.100530090638892
4.319402267866687
2.6479620122695744
3.3582360261774293
1.3571380379436573
3.9164496650022476
5.10809933294318
3.42209762272661
2.276859592073037
2.9171735901692597
2.328734903585348
1.8884748972625875
1.3024295746348018
2.955622941561161
4.486776015336413
4.480836160121357
3.632928877985223
5.053791193499344
3.072311854373273
1.4899946568663818
2.5115381601394384
3.30537010509803
3.9164496650022476
3.9164496650022476
5.439330544349821
4.172941649841035
1.8564670505078418
2.2854640586554065
1.8196871111910016
1.8440095648461559
1.8225437070682786
1.4763939041893883
3.4487891886160993
3.0717490052419585
3.0759934809350447
21.3643503198117
2.369898273250278
5.464223296249538
1.943043650185126
4.456882760699063
2.627961710408444
2.8398387225677895
0.9359100614362484
0.0
2.1671320168371846
1.633898440122165
3.889818545474848
1.5732934811145336
2.6643211213888947
5.165604006110218
2.952787808378777
11.202079346313559
3.21858262703621
5.439330544349821
2.042946039568498
6.427907705850953
2.159701133933343
1.7480196349515862
3.1221929756173616
5.430317173897632
0.8672986097937404
4.712912973878746
1.826472886268134
9.358212443240895
2.276859592073037
2.168776900007474
1.6207525738139132
1.8160849415439309
7.590831443532544
1.3910044520783658
2.719665272174911
12.35622127262679
2.331372206682652
2.1476912089159055
3.1489752652479006
5.705093314691302
2.445593937240363
1.4815418144868515
2.368330983011998
3.0873288136390666
2.1432834272474053
3.890531292833292
11.986062961075742
2.3901021968803136
1.4500372328365223
4.5739135561238005
17.034799410713273
2.7588924449082466
0.0
1.8709718017288024
2.324594914053299
5.471597152656128
1.5301683686839007
16.051398023068536
3.0118579559893055
1.4106375825866007
1.943043650185126
4.141141330484801
1.7911710595643588
3.6079498006719968
1.6504045595709425
3.333744983027298
3.547034843875021
2.4426633221059637
4.5739135561238005
3.1251907639724417
2.276859592073037
2.1312855305019056
3.176605498590708
0.839647124413334
2.445593937240363
3.8979648069377966
2.1962438984958195
2.2869567780619007
1.7557381354086663
0.8327048903149702
2.8398387225677895
3.630906651274709
3.9936381761886635
1.5784309053930103
1.5167145487126126
2.2694309136445803
3.377156414337854
2.4074859035470344
4.848189163173709
0.0
3.0603367373678014
2.047073961648622
1.7345617945636578
2.0540268312306345
3.7556255267550958
2.352622489487909
3.6321698830878617
3.0098043843528286
3.3864985683445354
0.889286131359012
4.456882760699063
2.676151223648335
2.7374353552268276
1.2644072208587522
0.9577083463899925
3.105957907531947
6.837203339116283
4.456882760699063
3.656382659515063
2.6643211213888947
1.2374317627020204
5.757177103786431
2.627961710408444
9.9249838009643
12.673718536830808
2.799103318440567
12.605968092174914
3.4051553465356488
3.0890553181566975
2.7794738724637273
3.0890553181566975
3.8641966286978935
1.559480765382838
1.6221153656668936
2.0244462660665508
3.105957907531947
14.327283224553705
4.885326644211927
3.4585921141027356
3.0890553181566975
12.097786402359946
1.9146030690102511
8.347864048201648
2.708444088849341
2.5197593442434796
2.2479007417262973
2.445593937240363
1.7759256642433823
2.276859592073037
7.861539293399739
0.0
8.004346927090177
2.747577956933031
2.4700774086427155
3.551851328486764
4.344109103419242
14.865996369027272
0.0
1.886782264636293
1.4415010926718612
1.3244045966611124
5.911245883122323
5.134877429943371
1.1239503708631486
2.5581743419597536
2.9867390496386634
2.952787808378777
1.493369524819332
1.387819277861591
1.8884748972625875
6.977877744524465
2.042946039568498
1.476232328930697
17.21916742076807
21.191828141393902
1.7557381354086663
2.0705706652424007
2.5894304957506913
3.5823421191287177
3.1251907639724417
2.6440681349450874
1.5880117714047368
6.019608768705656
3.354211769667249
0.0
6.178110636313396
1.7911710595643588
1.958224832501124
6.7661652521453
2.158229074594286
0.0
1.0885011049519644
2.4825484446385278
2.1476912089159055
2.568331954752977
9.019316337172112
5.554853541169295
2.923637789252517
3.3864985683445354
2.049780223794591
3.0593389570270797
1.6047299884724648
3.2808945250121386
1.5167145487126126
2.5197593442434796
4.8324004798615325
13.32358437599213
2.8265205879007453
3.016200863100729
0.0
17.77835117834348
1.2753998269755913
2.5540496664715904
2.2533837728184203
2.045903267148538
4.3540044198078585
3.652945772536268
2.1476912089159055
1.2975101551271253
4.906081629292277
3.363998387433143
1.9792649377110934
1.7574239156849023
1.4333000127883408
2.0540268312306345
2.0752738657056446
2.41562380717853
2.2840528494190804
6.151986961870088
3.4220078784518235
3.7477767366779213
2.159701133933343
3.7477767366779213
3.0334290974252256
4.5998439448318775
1.7213771561095463
2.7156804039319287
2.5540496664715904
3.016200863100729
2.264164155209104
3.4585921141027356
3.632928877985223
3.3868193354396166
2.21616470347228
3.6160159476806646
2.5010842712159786
5.259184760414397
1.8709718017288024
5.9193828246403575
3.0098043843528286
1.4899946568663818
7.781062585666583
2.5785713549430027
3.21858262703621
0.8237054296530683
8.29519350710986
2.568331954752977
1.286713095960916
2.0818102422702953
3.673526562988939
4.02724819242185
2.4074859035470344
3.0890553181566975
3.072311854373273
2.6643211213888947
1.802167556326529
2.8265205879007453
1.1498052049318417
4.048892532133102
2.1807265362294386
3.7419436034576044
2.834726886616833
14.234121842188822
3.8578913345707533
2.6479620122695744
5.816635421147513
6.2931739244581335
9.153013214364877
1.4091499441909465
1.962672844874697
3.0603367373678014
5.113818794967396
1.3737889784665156
3.4585921141027356
8.914609827874221
1.0253311603116817
1.506189323093867
5.705093314691302
4.941373395476232
1.1652512227907519
3.1251907639724417
5.551277111446363
10.50176352370787
4.28991657007593
1.9055601859645759
10.132393619864414
3.5934005135957903
4.319402267866687
2.4074859035470344
4.38569563499572
3.9016631127179084
10.86613987704041
5.905947656676037
1.727223799216787
12.605968092174914
3.8856620103720525
1.633898440122165
7.347053125977879
3.673526562988939
3.1251907639724417
6.2931739244581335
1.8392543051944334
20.448007360218387
1.2724686314753924
3.4585921141027365
2.8265205879007453
6.959313350989707
2.2266617638454975
4.048892532133102
1.123607329764487
1.8440095648461559
3.9016631127179084
3.5990847926536635
12.61249969922322
0.0
1.559480765382838
1.2992493989257516
2.627961710408444
1.300825092192379
3.0532163871777716
2.980923816756798
4.456882760699063
1.7179060012299232
2.8803400246906032
2.159701133933343
4.632431878544845
3.1251907639724417
5.684653076227407
4.1858747270392405
2.8265205879007453
1.7911710595643588
2.877554157960107
3.3868193354396166
1.9822566267103439
1.9011755113058346
2.445593937240363
2.5889065173943995
3.0890553181566975
3.407192589506109
2.1671320168371846
0.0
1.6207525738139132
1.286713095960916
2.0540268312306345
4.753622060013117
4.02724819242185
4.753622060013117
2.0244462660665508
3.9016631127179084
1.5880117714047368
4.312620254382878
4.262571061003811
1.9146030690102511
1.676697482055306
8.562365224473284
0.9896324688555468
18.1852348536183
1.3389812472744242
3.9566236357113054
1.4082180278396284
9.833906145930948
2.2608914449138346
2.151159633747987
1.1239503708631486
2.8886790607758566
1.943043650185126
3.0787460505623363
3.0787460505623363
1.772982824903713
7.828816852687929
3.435812002459847
3.7638251212025393
1.774994152952981
9.475814783795371
1.0700143107304574
10.27994704083834
3.30537010509803
4.410877697328769
1.4262733286728257
2.9171735901692597
2.0943178884208566
2.4105136854736378
6.837203339116283
4.611055025587307
2.0705706652424007
3.9566236357113054
5.439330544349821
2.172054551709621
12.740810460323607
3.7726698069117846
2.0398734695274308
6.61507607186886
3.5275023606301383
1.7345617945636578
1.6504045595709425
4.797392517011848
3.9208850624431686
3.2677968802443296
0.0
1.962672844874697
4.119566303102715
1.958224832501124
1.3737889784665156
2.5197593442434796
1.5393730252811677
2.6510202602018675
5.371298446432264
0.3663126543581427
1.7288713428535996
2.9561645124389617
4.019656738893367
2.124035816216534
6.502400235712174
0.7716270058689811
0.786717887912368
3.479789360876994
2.8845743554731946
1.9254365647673424
4.830646113814648
4.295382417831811
5.230953957386415
1.6992141917604604
8.689810184588634
1.4816847622130997
3.3310994267886507
2.0805332126841956
1.506189323093867
1.533227700920213
5.255923420816887
10.70454632987902
10.682175159905848
1.857036648190755
3.7394874815850883
1.8900924361305647
3.1221929756173616
1.3705063051209185
2.6643211213888947
4.189756033552324
4.753731294736233
2.4371431437250504
1.3072157844994778
4.02724819242185
2.2869567780619007
3.802351022611669
1.6504045595709425
1.8094909031578241
1.3995516592202837
3.2808945250121395
0.0
1.6466642419110007
6.837203339116283
3.0593389570270797
2.8398387225677895
3.3582360261774293
11.986062961075742
0.0
0.0
5.061867434834413
0.0
7.994607499472017
8.562365224473284
1.6504045595709425
2.7794738724637273
6.370405230161802
8.395212656430877
1.8709718017288024
2.482716946958931
1.696134390396339
2.908317710573757
3.0372940354383413
1.8160849415439309
6.839596061560946
30.62049088236489
2.0540268312306345
2.3901021968803136
1.5342333164810604
5.869760893038728
1.2414943415352928
0.0
3.2342452920962157
3.0372940354383413
1.958224832501124
1.526608193588886
1.099233067148683
2.1300733682208985
2.042946039568498
6.917184228205472
12.049514584750938
1.7557381354086663
2.9313635073729056
1.3389812472744242
0.0
2.719665272174911
2.4371431437250504
1.9987107572882026
5.406502668979588
0.0
1.633898440122165
4.750133160738243
8.340582868969062
1.6534750929546367
1.6404472625060698
3.7735645292725852
3.7541625264671095
2.31999653222336
1.5880117714047368
2.719665272174911
1.727223799216787
4.5841805422774735
4.553719184146073
5.911245883122323
0.9006379472640172
3.21858262703621
2.5951006535736654
4.456882760699063
5.847275578505034
3.5464400665002405
8.12414600093205
13.980013456664695
13.364127603112498
4.567211833282236
3.1465869622290663
5.061867434834413
3.485259483019947
2.081103866754428
10.060701777356599
3.435812002459847
5.166045454134253
2.1807265362294386
3.423237987076792
3.2933284838220014
1.9822566267103439
4.848189163173709
5.30918756028263
9.500430486926614
12.631615826237605
1.7911710595643588
3.3864985683445354
1.9146030690102511
4.334264033674369
3.3864985683445354
1.3389812472744242
1.8426431031261368
1.3353534059549443
1.958224832501124
4.350632910242332
1.6387607403563593
2.6016501843847575
1.536300798957336
1.352848227389527
