1.8709718017288024
2.087736220588747
2.2789551664661816
3.9667693416381398
3.21858262703621
1.9108871956733893
1.8196871111910016
3.0077740543717595
1.123099644603982
1.7557381354086663
2.1658158394365654
6.178110636313396
2.276859592073037
3.4015426186864377
1.3926787811562256
2.334118780652749
2.0705706652424007
2.302974123208287
0.0
1.432548017297354
0.0
1.2557690800697192
1.184949136625139
1.2944532586971997
1.4249137407828882
1.2415979553786378
3.2848479264325716
0.9082935884120773
0.0
1.5790460212418518
0.969094302009921
1.6504712178944343
1.5886262183839546
1.3794462224541233
2.0899410246084282
1.6341042931415268
0.0
2.4065437643463152
1.5234719529996685
0.9964194812460634
1.1432220216087032
1.6308837656973074
2.4951907992958944
1.3794462224541233
4.91155491724049
1.3794462224541233
2.8398387225677895
0.0
1.123099644603982
1.958224832501124
1.4044464769840423
1.5353653946966583
2.2731543567022867
1.8829060879288586
3.7644257151903666
2.04834890794109
5.557652328141919
3.314218960691373
2.9329736609772286
1.1169754617034284
1.3113617852675474
1.4262733286728257
2.1476912089159055
1.8196871111910016
1.0874855581018654
2.458476536482737
1.4262733286728257
0.0
1.1410424930584702
1.2167978460730347
2.2869567780619007
1.5790460212418518
2.0783425999739324
1.432548017297354
0.3315700819044177
3.482270899863668
1.5059289779946525
3.1846520522279267
1.4841000562699393
2.1601524349994397
2.4668412593179103
2.5058623314122577
1.3794462224541233
1.2193311110766474
1.1599713834969503
1.0253311603116817
2.6711961764401657
1.7590773942055664
1.3794462224541233
0.0
1.7581385995646757
1.8504430829513174
1.9011755113058346
0.9451258377819046
1.3355980882200826
0.533025287169939
2.224972978585352
1.725849167169606
1.5179839210888282
2.3901021968803136
3.652945772536268
0.9941304537424012
0.0
0.0
1.82985349484955
1.9998178299954352
1.826472886268134
0.750918117943601
1.1018608833217747
1.493369524819332
1.4780822562194806
2.3901021968803136
4.95347784315977
1.472939338203778
2.8182998883818935
1.1493330194206166
1.387819277861591
2.5642993454084824
2.1709220694179616
1.9146030690102511
1.432837955983965
0.0
1.0196962751806482
1.4445809981770859
3.016200863100729
1.046498469780232
2.1515930702228068
0.0
3.282707979122216
2.1347907628901255
3.644667088679882
1.526608193588886
1.3696315948341005
1.9662881636873142
2.159701133933343
1.6404472625060698
1.4912241263538049
2.276859592073037
2.2731543567022867
0.0
2.5634249663084567
1.193606503708655
1.7267651629614023
2.594050848294604
1.8154533256373546
0.0
3.1012420655453896
2.3372496156461082
2.5540496664715904
2.6426280462739062
1.123099644603982
1.633898440122165
2.060187754521775
2.1347907628901255
1.2414943415352928
1.5784309053930103
1.1040754498243008
5.439330544349821
1.4701168875451789
5.401157445454033
2.362534339633758
1.387819277861591
5.3475478283692555
1.8553811566204073
1.123099644603982
2.0540268312306345
1.5732934811145336
2.9171735901692597
0.0
1.2341262282249983
1.8310038629565568
3.0532163871777716
2.4371431437250504
1.6404472625060698
1.2272653466789298
0.7288880815211274
0.6274038810753846
2.867927446917274
1.1599713834969503
2.1671320168371846
2.178229003567702
1.9822566267103439
5.856458233275369
3.235912122544166
0.971031410032244
0.6683803301691876
1.3149361462557834
2.445593937240363
1.6466642419110007
3.211547431691929
1.1172474605269587
2.4074859035470344
1.362139146403461
2.328734903585348
2.3981224737246873
2.5006150769968634
0.0
0.0
1.958224832501124
7.495553473355842
1.3149361462557834
2.445593937240363
1.269961673637781
1.7921903624811637
1.3355980882200826
1.1955714388475898
2.3770532797338135
2.7588924449082466
1.7911710595643588
3.388241589628944
3.6517235090294253
1.9108871956733893
1.4491339833989647
2.0244462660665508
1.5880117714047368
1.5090865200235957
2.1671320168371846
7.495553473355842
1.0480747977601532
1.5880117714047368
2.631132313284664
1.5880117714047368
1.3794462224541233
1.7516299409593323
1.4976715458406646
4.120375509043549
1.2944532586971997
1.7495868104595498
3.43586960323886
2.1409907800309074
3.9645132534206886
2.276859592073037
2.393672168921959
1.309966665409363
1.5974850801851894
1.6278343844408139
1.5784309053930103
1.506189323093867
3.490760936660314
3.639374222382003
1.1784531110724779
0.7128419972514801
2.9799893137327635
3.701773936489291
1.4858585229292907
3.640191022266261
1.0700143107304574
0.907368438642744
1.7179060012299232
1.962672844874697
1.713387389934821
1.6934096677198087
6.837203339116283
2.445593937240363
2.1476912089159055
0.0
1.7022353722027934
3.4162113597999784
1.5784309053930103
3.0354167139772885
1.5880117714047368
1.0891442642494575
11.25095974863814
5.816635421147513
3.1707499796910508
0.6135418395107385
1.826472886268134
4.567211833282236
1.2992493989257516
1.2193311110766474
1.1599713834969503
2.376457051690217
0.0
2.2869567780619007
1.7705303846970066
0.0
1.8338931008625667
2.0705706652424007
0.0
2.243388007668207
1.498157329860549
2.908317710573757
2.4074859035470344
2.445593937240363
4.465034900736704
2.923637789252517
1.1956567166806233
3.235912122544166
0.0
5.401157445454033
1.8117236860142971
1.885174387792232
3.2720230822977134
3.482270899863668
3.0098043843528286
3.377156414337854
1.7577459356554812
1.387819277861591
5.684653076227407
0.8130350574508933
3.2399023551226187
1.7437131081063288
1.5880117714047368
1.0134961585174012
1.8709718017288024
2.7374353552268276
2.164821068213413
2.0780731303323425
1.0116520329632448
1.6207525738139132
3.7744981031838685
2.6707068119098882
1.2098248562911875
1.7604145271371072
2.0877077807874116
1.7179060012299232
2.0929373635196202
1.962672844874697
1.7911710595643588
2.4623373672221804
3.016200863100729
1.5644806337358454
1.7557381354086663
1.6440935616933439
1.3355980882200826
2.1476912089159055
2.201899413266356
2.2869567780619007
0.0
2.1476912089159055
2.955622941561161
4.279076667861739
2.0553933193264005
2.0705706652424007
3.016200863100729
2.6643211213888947
2.7588924449082466
1.387819277861591
6.601884871577736
0.0
1.9146030690102511
5.904929315722787
1.2557690800697192
8.562365224473284
1.696134390396339
4.767707020457095
0.0
1.4378558189726398
0.0
1.389736936231864
1.4899946568663818
1.6466642419110007
0.9432284668356838
1.389736936231864
1.288961664701198
0.0
1.7179348016194305
2.0540268312306345
1.199348129252962
1.0134961585174012
1.1274618159424215
1.6534149574537347
1.7574239156849023
2.5292817518388535
1.1046298776193622
2.859888641641619
1.122974647751969
0.0
3.5149427939107554
1.633898440122165
3.7748047530188464
6.471074162236759
2.158229074594286
0.6943365315359389
2.0540268312306345
2.3901021968803136
3.1221929756173616
0.9432284668356838
1.9351293662599962
0.2886398553704175
1.0791313633261128
2.1476912089159055
1.859164288238198
4.053997537205932
1.092534162077208
2.024267978158244
1.3899925780303377
1.5393730252811677
2.017521553928156
1.0134961585174012
2.0705706652424007
1.1599713834969503
0.9269676594468113
3.482270899863668
3.0372940354383413
1.6504045595709425
1.123099644603982
2.652353558366485
0.0
1.6966007891337822
3.7720470056433175
0.208836596476567
1.2982302188182944
2.8398387225677895
2.1476912089159055
1.364366893395535
7.603985612048923
1.6960680297236932
3.1731768853938878
2.5275658895144484
1.5242216043548138
1.8225437070682786
0.0
4.705244978975818
4.237713199752784
1.6504045595709425
2.0128303461390598
1.3248228362046923
0.0
0.0
1.2514491172993614
4.3978591389070845
0.0
3.4901807086831904
1.4378558189726398
2.9171735901692597
10.786826322527466
5.61480827173619
1.3092977432801425
2.0393925503612964
1.4763939041893883
2.8048598302198355
1.857036648190755
0.0
1.8709718017288024
0.0
1.199348129252962
1.0253311603116817
1.146885585506061
0.0
1.2944532586971997
1.9822566267103439
0.9432284668356838
0.0
1.3599785474568589
0.0
1.8168461059983592
0.0
1.2932455631574435
1.8196871111910016
1.5374230578995463
2.01381482546679
1.286713095960916
1.138688707222297
0.0
1.14785509135602
1.2753998269755913
1.288858597972632
1.4266655216992208
1.5784309053930103
1.9635317619359947
2.4740179660686956
1.0253311603116817
0.9929374854093733
3.198812246145195
2.2869567780619007
3.644667088679882
1.8236310297791538
2.334118780652749
1.0559717178170818
3.0717490052419585
1.184949136625139
2.675745489641754
1.82985349484955
1.7595976988483288
3.176023542809473
2.4074859035470344
1.958224832501124
1.3213140231369531
3.737437943747671
2.5540496664715904
0.4897979807664907
0.9419463241426049
2.0540268312306345
1.5766042244954548
1.5880117714047368
1.3494116947566301
4.023854200837977
3.7052472057637615
1.0559717178170818
0.5620477748022962
1.387348565952854
1.2826148967062696
1.6125620554954614
2.627961710408444
1.6466642419110007
1.5301683686839007
0.0
0.0
1.4262733286728257
7.947828659020618
3.9016631127179084
2.0899410246084282
1.826472886268134
2.276859592073037
4.108053662461269
2.908317710573757
0.23337887881371353
0.0
1.286713095960916
1.6530871992004423
1.5996686545912897
4.11236251403474
3.081788601108759
2.042946039568498
2.9048519427093598
3.7968017775955714
0.7404078378361363
1.5732934811145336
1.0637626744450062
0.0
1.5301683686839007
4.460795258102732
6.143498010483918
2.908317710573757
2.859888641641619
4.141141330484801
2.253560074139393
2.185068324154416
2.352622489487909
0.0
2.1639848597070865
2.224972978585352
2.5791872893027596
0.0
2.031628835361819
0.0
1.2557690800697192
1.200795316169751
1.286713095960916
2.5806770820611162
1.483649325906002
1.6404472625060698
2.3881578682068634
1.2836055904120456
1.2193311110766474
1.337625779258248
0.0
1.8564670505078418
3.4286942462594507
1.2514491172993614
1.7433101004680875
1.2557690800697192
2.328734903585348
2.552471033584711
2.1476912089159055
1.3491979792704196
1.069347593121391
1.0253311603116817
1.506189323093867
1.0559717178170818
1.0344928917121239
2.6556282775658278
1.3494116947566301
2.2645659041026507
0.9458844697621377
3.1767169224574134
0.969094302009921
0.0
4.7146273684904685
0.5431869283929855
2.4557906677812498
2.8398387225677895
1.6312072054561002
1.286713095960916
3.8229746997386345
1.8159024659260175
2.627961710408444
1.286713095960916
4.150715368219942
2.3415967860580693
1.7035962947530545
1.85212316375249
2.252278368576829
1.2557690800697192
1.793443763338368
4.5739135561238005
1.003305817704466
4.557910332932363
2.1476912089159055
1.7328242074882243
2.5642993454084824
3.9016631127179084
1.2944532586971997
0.0
2.0540268312306345
3.0787460505623363
3.4966406648879462
2.0244462660665508
2.8525466573456515
3.498042570094777
1.0648525923253458
2.046551996806257
1.2557690800697192
2.0705706652424007
1.5732934811145336
1.3808554600491851
1.6504045595709425
1.3417048544084738
1.663642090556307
0.9332541654327897
2.089232171413683
1.2753998269755913
1.0648525923253458
1.2740100510330357
0.0
0.0
2.908317710573757
6.567274736060395
3.7309944246664
0.8952698232639255
1.686831732533491
1.5169276162235816
1.943043650185126
2.0244462660665508
2.8265205879007453
1.5903965830618116
1.9011755113058346
3.377156414337854
1.8709718017288024
2.5197593442434796
0.969094302009921
1.9146030690102511
1.727223799216787
1.8564670505078418
4.749262933870049
3.1157290929555894
1.6504045595709425
1.7179060012299232
2.8856494253219522
3.339036383795432
2.2644017119472237
3.377156414337854
4.906081629292277
1.121617874316939
2.725762876425168
1.3794462224541233
0.9195750887369869
1.6870510288808611
2.4386622221532948
1.7574239156849023
0.9579160010069456
1.5301683686839007
3.9645132534206886
2.9867390496386634
3.802351022611669
2.1645171811846846
1.526608193588886
1.6794256847485503
3.2715338175759148
0.0
5.255923420816886
1.6314706260080587
1.958224832501124
3.072311854373273
2.1757507408642023
0.0
3.4089919964838553
2.6440681349450874
2.042946039568498
1.0885011049519644
2.252278368576829
2.063004465487746
2.2869567780619007
3.0603367373678014
1.5431474404555205
3.4418764754894258
1.9240848598265397
1.8126151767396073
3.167486875898193
1.5551242694597944
1.2413584734794654
1.7574239156849023
2.042946039568498
1.736737893231131
1.2801843129789152
9.980099403873663
3.0098043843528286
2.9568248917862427
1.712583059535944
2.0207357452126495
1.8159024659260175
2.0899410246084282
3.9977111635904987
0.0
1.199348129252962
1.2129354918208786
2.7076576267554477
1.7911710595643588
1.5567102923487885
1.6504045595709425
2.159701133933343
1.0027521237451538
4.108053662461269
0.9124954798608391
1.0957197329960702
1.2557690800697192
2.7588924449082466
2.224972978585352
11.359354890271161
2.59518347545636
1.0271750497151622
1.5784309053930103
0.0
1.826472886268134
0.7408410726154884
0.78996701006003
0.0
2.2869567780619007
2.0705706652424007
1.1900853590298435
2.8656759119679296
2.2869567780619007
2.0719515300470603
2.1476912089159055
1.696134390396339
3.016200863100729
5.0912128230977505
1.0885011049519644
0.934523675028094
1.3794462224541233
1.6934096677198087
1.5528395190286317
1.8564670505078418
1.4445809981770859
1.4242179736779774
1.350592042277739
0.0
1.506189323093867
3.787865612579481
0.8375311731514243
1.3060269316175004
2.2694309136445803
1.5570922639952085
3.235912122544166
1.758008810234855
1.369356606493224
2.257394309242011
0.9964194812460634
1.358431422814045
2.0752738657056446
1.7557381354086663
3.770678435743331
1.4104555382959003
1.8641349684707842
1.9011755113058346
4.141141330484801
2.448896697858474
1.6761833990718291
3.9709599880992053
0.5554050076424006
2.6711961764401657
1.4694275051839838
3.241496606455093
2.0169761684760625
1.686739071741649
0.5948361193232793
1.6274509288515209
3.9645132534206886
5.462428008829319
2.9254221329358074
1.4780822562194806
2.8445770736995537
1.389736936231864
2.904870457460215
1.2087690930167199
1.5467046551507315
0.9741508763740286
3.4901807086831904
1.2090878038257866
1.1322829520513251
1.086972275802183
1.727223799216787
1.421723409803963
3.160563578289607
2.1300733682208985
0.0
1.0633111898921617
0.7390342363465671
0.0
1.7577459356554812
2.39114287769518
0.7697071305070338
1.3283151663411665
1.9240848598265397
0.5166669851080904
1.7557381354086663
4.172941649841035
2.795265960492048
2.042946039568498
3.796469564911484
3.6613911725935906
0.8085343938727303
1.2414943415352928
1.4763939041893883
0.8067175162353316
1.7557381354086663
1.179049953454677
1.8921982465453708
1.7176188460170134
2.178229003567702
2.8378637222629375
0.9964194812460634
1.6049990728892554
1.3809925785102002
2.8398387225677895
1.3642138782643087
1.3128460338632764
1.6680592900519737
3.3495035708457803
2.328734903585348
1.7595976988483288
0.18434548718619023
1.7574239156849023
1.2414943415352928
1.526608193588886
0.0
1.8709718017288024
1.7502348496399052
1.8709718017288024
1.5487265080596522
1.6466642419110007
1.4780822562194806
5.816635421147515
8.2160608430956
1.4443949859746112
3.3416458205245885
2.445593937240363
1.5393730252811677
1.7574239156849023
1.8596005316895403
1.6504045595709425
1.3353534059549443
0.0
1.184949136625139
1.958224832501124
2.1658158394365654
5.336626135787335
1.2193311110766474
1.2611403509961632
2.4617934274488045
1.8709718017288024
2.1612273231848
1.9146030690102511
1.032867562729258
0.0
2.022319148583535
2.8748112623273374
1.9663055452075509
0.0
1.5993628545166856
1.286713095960916
2.9867390496386634
1.1584183992532209
1.1286174721584958
3.1568618107860202
1.2193311110766474
0.799054214676823
3.028940870561022
1.9822566267103439
0.855797672081818
1.633898440122165
2.033435199928181
1.5732934811145336
2.6737739141846273
0.0
1.3179942166750336
2.0756188713250032
1.506189323093867
5.401157445454033
2.0540268312306345
3.482270899863668
1.6404472625060698
0.8707903615040234
1.5431053268750965
1.7345617945636578
1.184949136625139
1.3261549369253811
5.063996506781411
0.799054214676823
2.8837278462074076
1.2020139766769586
4.753622060013117
1.789234746542202
2.3901021968803136
1.5365751713358784
1.5793364864041566
2.2709244044560797
1.9146030690102511
2.4074859035470344
2.800452130699024
5.837542914603121
1.2090878038257866
2.320516717174461
0.8263103346765358
2.357313684245234
1.702120131325744
1.164948360410693
3.895084522845365
1.958224832501124
1.3794462224541233
1.2127582324183548
1.8709718017288024
1.3990740969088922
2.5540496664715904
2.350583915974555
0.0
1.5880117714047368
1.7574239156849023
0.0
3.235912122544166
1.2514491172993614
1.387819277861591
4.196114906296549
1.877751044216087
2.0705706652424007
1.322430623375684
1.214548597577686
2.043962606050419
3.0817146789441026
3.8092609467949496
1.9146030690102511
4.8734989388136185
2.229655076776188
4.814971807094068
2.8398387225677895
1.5784309053930103
1.2414943415352928
1.8709718017288024
2.0274685852177114
1.7345617945636578
1.7345617945636578
0.0
2.1601524349994397
1.7179348016194305
1.3794462224541233
1.8709718017288024
1.1389453281923443
1.1366442749726267
1.493369524819332
1.5883027492953543
2.601236799944966
2.719665272174911
1.7557381354086663
1.3494116947566301
2.9796406248309473
2.7101496987337943
1.5592982903541592
1.3355980882200826
2.6641803760391936
3.4544475984335747
1.1239503708631486
0.0
1.5880117714047368
1.8884748972625875
2.5756036060435537
1.4889658178065592
1.6529890635946527
3.160338898750109
1.015609548817737
1.927105342218435
0.9432284668356838
1.698797377536768
2.172976811427523
0.7605497822189857
1.6504045595709425
2.0315766105349127
1.0134961585174012
1.725902944126503
3.0890553181566975
1.8196871111910016
1.2005616237493415
3.778298663720556
1.0253311603116817
1.2413584734794654
1.4491339833989647
0.5920478127245475
2.328734903585348
1.8709718017288024
1.687402062135671
2.0244462660665508
1.1599713834969503
1.5784309053930103
1.3794462224541233
2.0899410246084282
2.4074859035470344
1.7487419695819
2.0244462660665508
1.203063795506858
2.8940493121400777
1.429443573396954
3.644439077831288
0.0
4.209727834321718
3.377156414337854
1.3790524496643084
1.387819277861591
1.5803328778385926
0.0
2.5540496664715904
2.2869567780619007
2.2789551664661816
2.5665813713132626
2.1312855305019056
2.4623373672221804
2.224972978585352
3.9537113105485435
3.4901807086831904
1.7574239156849023
2.924563815268974
1.5883027492953543
1.050296903658225
2.9171735901692597
1.962672844874697
5.726122085003279
2.5197593442434796
3.0717490052419585
5.522397783539471
2.4198667532084333
1.8709718017288024
1.2193311110766474
1.7574239156849023
2.257394309242011
0.0
1.6934096677198087
3.0098043843528286
1.4780822562194806
1.9822566267103439
2.627961710408444
2.042946039568498
1.2584273370376824
1.3353534059549443
1.205256842736819
1.4262733286728257
1.8149971850154616
1.9171373000543053
2.0540268312306345
1.6798008526503487
2.1601524349994397
2.0592684545558493
2.8398387225677895
0.0
0.0
1.0854610347089808
0.9278861586474693
2.4426633221059637
1.8709718017288024
3.7514052791529213
1.7176188460170134
4.553719184146073
0.0
1.5699533626991502
0.5720982472010167
1.5306944060614467
1.3794462224541233
1.0134961585174012
3.016200863100729
2.276859592073037
3.5823421191287177
2.063004465487746
1.5623336334752322
2.5771688135729764
1.6868284911560898
2.0244462660665508
3.0982188582876895
2.1904167208616503
1.120554833678923
1.6174937028829917
3.377156414337854
1.9822566267103439
1.793443763338368
2.853183878886449
1.4558881201338787
3.4585921141027356
2.7101496987337943
2.159701133933343
0.0
1.432548017297354
1.9491290098970115
2.859888641641619
2.060187754521775
3.377156414337854
1.9011755113058346
1.5784309053930103
1.9729933787192793
4.767707020457095
0.6260481240491017
1.3629110239315587
3.1283948740996887
3.5198870526684183
3.375317049977754
5.10809933294318
0.9153411960672926
1.962672844874697
3.1814281878099355
2.4074859035470344
1.6404472625060698
1.6466642419110007
1.123099644603982
1.943043650185126
3.4585921141027356
1.7179060012299232
2.445593937240363
2.1601524349994397
1.2079518179251998
4.205516508352108
1.8160849415439309
4.92467473444436
1.389736936231864
1.184949136625139
1.549109429143845
1.996819088094332
2.7588924449082466
0.0
3.336118580103948
1.286713095960916
2.8504516024421633
7.456500977172462
1.506189323093867
2.8731570526769397
0.0
0.969094302009921
2.531205289075936
1.2563986976289612
2.224972978585352
1.788269135758961
1.5301683686839007
1.4474998798721515
0.0
1.400226065349512
0.0
1.5301683686839007
0.0
0.9432284668356838
1.038539619163422
1.6466642419110007
3.3747952850435508
1.152278059434571
1.85212316375249
1.7179348016194305
3.300809119141885
1.943043650185126
1.4491339833989647
1.7984211154319307
2.8650960345947087
1.923091701874924
9.083627868206413
1.2414943415352928
1.8126151767396073
2.3643142031416327
4.215640217238498
1.6422934488346717
1.633898440122165
3.1731768853938878
1.7911710595643588
1.0889483830801157
0.793980485781974
1.7574239156849023
1.9569988813687984
0.0
2.042946039568498
2.900167020706265
1.6466642419110007
1.9146030690102511
2.1319852900272513
1.0063298747841174
0.0
0.4426918041777625
1.25071981144959
2.9561645124389617
2.0312190976354736
1.6794256847485503
0.0
1.3794462224541233
0.0
1.841913568484358
1.5734605012955327
2.172054551709621
6.699007141691558
2.2731543567022867
1.399516246630787
1.5883027492953543
2.2840528494190804
3.7726698069117846
1.62293446078038
3.42209762272661
0.7368323834764553
1.3113617852675474
1.5283262635570904
1.9050169756515931
1.4115924720732913
7.989666111494318
2.5190073531867956
2.0244462660665508
1.5886575611904474
2.328734903585348
1.590161597663872
2.1476912089159055
3.3864985683445354
1.184949136625139
3.3864985683445354
1.2944532586971997
1.7557381354086663
1.526608193588886
2.1671320168371846
2.5066346703158198
1.6049990728892554
1.8243470916439593
2.4304618972459515
0.0
1.9108871956733893
3.046212265095478
3.2720230822977134
3.0331408303194025
1.4809314888451366
4.33389654431885
1.9011755113058346
1.2785474232277332
2.359577125562126
3.151234375634092
1.6655609220485634
2.5540496664715904
1.0134961585174012
1.3957327603488205
0.9964194812460634
0.0
1.3355980882200826
4.196114906296549
1.9863759844837432
2.019385597421733
1.6404472625060698
2.719665272174911
1.4445809981770859
1.7577459356554812
3.4667575124391115
1.5180845174247486
1.476517122509107
1.9011755113058346
4.237713199752784
1.958224832501124
2.328734903585348
0.0
2.5115381601394384
1.1127709934542294
0.0
4.780204393760627
0.0
1.196721221977959
1.6404472625060698
0.0
0.9451258377819046
4.793738461810042
1.571290866512894
2.6711961764401657
0.0
2.6485681362909563
0.9258990910085774
1.877751044216087
2.5540496664715904
3.297923760140129
1.8486822913873464
1.5765352178763212
2.6643211213888947
2.6711961764401657
3.4800908162073387
1.8160849415439309
1.5342333164810604
2.0540268312306345
0.0
3.016200863100729
1.1398792117240768
0.969094302009921
1.8830168484966994
2.416027466056967
0.9017025890694941
1.6990374166038509
0.96488692130715
2.01381482546679
1.184949136625139
1.0559717178170818
1.5393730252811677
1.1955714388475898
2.7103670019797295
0.6473001464372681
1.1955714388475898
1.3370051239753844
0.0
0.0
1.199348129252962
5.669791110976001
1.5732934811145336
1.355183500989865
0.0
2.7005617565085704
1.6466642419110007
1.506189323093867
2.2608914449138346
3.2808945250121395
1.0885011049519644
0.0
2.6711961764401657
1.432548017297354
2.328734903585348
1.7577459356554812
0.622970602235081
1.2193311110766474
1.633898440122165
1.9240848598265397
1.6868284911560898
2.7076576267554477
3.012378646187734
2.5115381601394384
1.0648525923253458
3.1443446386286733
2.243388007668207
3.482270899863668
0.0
3.630906651274709
3.300809119141885
1.7995423963268318
1.387819277861591
1.526608193588886
1.5784309053930103
0.0
0.6031734907715841
2.8398387225677895
0.0
2.226430210797539
2.0002170787439066
2.1476912089159055
3.0890553181566975
1.4479183251084238
3.8990073232761313
1.2414943415352928
1.6150682588906171
1.4694275051839838
2.0540268312306345
0.0
2.7952973569575117
2.5586897876995107
3.701773936489291
1.7179060012299232
1.6590830594843562
1.962672844874697
0.0
2.5665813713132626
2.4074859035470344
1.429443573396954
3.1572564565455266
1.8110800993753928
1.0253311603116817
1.9998178299954352
2.2608914449138346
2.5828020030551087
2.8221903034260873
3.377156414337854
1.9146030690102511
1.9218385341145365
1.0559717178170818
1.5393730252811677
1.9101797079866236
0.0
0.0
2.8891619963541717
3.012378646187734
1.203063795506858
1.1889236566102472
1.2193311110766474
0.0
1.4445809981770859
2.943151731286823
2.1601524349994397
1.2944532586971997
0.0
1.3339264902154053
1.2090878038257866
0.0
0.0
2.2961830221927273
1.5694957190569983
3.3864985683445354
1.337928968766831
0.0
2.988662868962178
0.0
1.6755750575584345
1.9146030690102511
1.7224492538765235
1.5144434040005323
1.7911710595643588
1.6466642419110007
1.3809986739197349
1.8709718017288024
3.644667088679882
11.044795567078939
13.177929630227897
1.6322496749305995
3.0717490052419585
0.0
2.9617733694870263
2.5159581140730616
1.2193311110766474
1.383065169890694
3.1157290929555894
3.0098043843528286
2.099037655537975
0.9896324688555468
2.790078315453673
1.123099644603982
2.5785713549430027
0.0
2.1476912089159055
2.2789551664661816
0.0
2.01381482546679
1.8154533256373546
1.4445809981770859
1.2458302490137667
1.8160849415439309
1.286713095960916
1.1144516721942714
2.043962606050419
2.952787808378777
3.0603367373678014
3.7555020884321744
3.435812002459847
0.0
2.4074859035470344
4.344109103419242
1.5570059225386168
1.9146030690102511
2.1658158394365654
1.2753998269755913
1.7940140496456916
1.494243944464886
3.363279288807248
0.0
1.1254195166774048
2.627961710408444
1.3353534059549443
2.159701133933343
2.357313684245234
2.0540268312306345
1.1599713834969503
3.7477767366779213
1.2020139766769586
0.0
0.918708060432945
2.369898273250278
4.516705608862737
1.9146030690102511
2.0705706652424007
1.6276888006478718
2.1563101271914396
1.9146030690102511
1.9146030690102511
2.8629993657668873
3.621604142273722
0.7929743540870796
2.7032360411086658
1.324629225492516
4.570928117310813
1.8118820401643925
1.9154700872938162
0.8017262214964057
2.1476912089159055
3.748131723822483
1.727223799216787
2.608345502477012
2.257394309242011
0.0
1.7247627291273988
0.8709280671337816
0.0
0.0
1.4278308782451221
0.0
3.5449358121682515
3.5823421191287177
0.0
1.7911710595643588
0.7533626138013962
0.0
1.479812109543557
1.8402902615276926
1.286713095960916
1.9822566267103439
1.286713095960916
1.387819277861591
2.328734903585348
1.5880117714047368
1.199348129252962
3.2399023551226187
5.648892151960283
0.8120983858932532
1.702120131325744
1.493369524819332
3.401121845085677
1.2396496017332663
2.042946039568498
2.8157669494185624
0.0
1.857036648190755
0.0
2.568331954752977
2.4724320414813783
2.732111648124769
1.0253311603116817
1.4763939041893883
2.0540268312306345
1.5393730252811677
1.9627521154272678
1.2994038274939703
4.02724819242185
1.533227700920213
1.4262733286728257
0.0
1.526608193588886
1.4394421396370554
1.1599713834969503
4.0946829546175705
1.958224832501124
1.6300753344054786
1.6761833990718291
0.0
3.7477767366779213
0.0
1.5345688346328588
0.0
2.4092489848483223
1.7187608283404379
1.389736936231864
1.4763939041893883
1.2090878038257866
3.6667626938642015
0.0
1.5732934811145336
0.0
1.1975864927667086
4.79981069911921
2.0786471064555703
0.0
1.4262733286728257
0.5138412439641712
2.6174500218503955
2.8398387225677895
1.0134961585174012
1.8564670505078418
4.02724819242185
1.6529890635946527
1.5154421980282393
2.719665272174911
2.257394309242011
11.794224053267106
4.085892079136996
0.0
3.7132439786844107
1.9146030690102511
1.4910943694160985
1.286713095960916
1.6125746274582868
1.7209382377447129
3.1229940167024517
0.0
1.8789122878714393
2.09437639874369
3.197383344450448
0.0
1.4445809981770859
2.2869567780619007
1.0134961585174012
1.5165704151597017
0.3801237140765207
0.0
1.7643418208105224
1.6466642419110007
1.472939338203778
3.1251907639724417
1.1127350279702088
0.0
2.7619851570204004
1.4763939041893883
1.6364503036957179
3.9270124012072847
2.0244462660665508
1.5732934811145336
0.0
1.8294417150431737
1.3354535322393197
0.0
1.9011755113058346
2.1300733682208985
1.462525155448312
2.7193450050353376
1.9513679910778086
2.3305025167765563
3.7419436034576044
0.0
2.5785713549430027
5.177813034788801
3.1251907639724417
1.3389812472744242
1.2944532586971997
4.767707020457095
2.172054551709621
0.0
1.531504792051291
1.6504045595709425
1.9146030690102511
2.4858281414101677
2.0540268312306345
2.1300733682208985
1.6062751942933287
0.0
0.0
0.0
1.0559717178170818
2.5540496664715904
1.9819139932908678
2.0244462660665508
1.0559717178170818
1.3809851504530963
0.0
1.8709718017288024
2.588307483869366
2.1754672567754705
0.918708060432945
0.0
2.252008369758576
1.1383534019485493
1.9458662997893967
1.1524538390587937
2.7794738724637273
5.816635421147515
1.675771139737561
2.1476912089159055
1.7557381354086663
1.6229663619798542
1.4780822562194806
1.6504045595709425
1.8196871111910016
0.0
1.3093159346337697
3.1371409927072325
3.197383344450448
1.8432461585905415
2.159701133933343
0.9121454280526586
1.696134390396339
1.4784124458931216
1.4445809981770859
2.5540496664715904
1.5334847956867304
1.5880117714047368
2.1300733682208985
1.6302732478666104
1.9206518533265367
3.0603367373678014
1.5734605012955327
1.506189323093867
1.7557381354086663
1.506189323093867
1.5784309053930103
2.0244462660665508
1.6934096677198087
3.435812002459847
1.8709718017288024
1.8884748972625875
1.9992612049325513
3.716499092256817
2.2731543567022867
2.155101458424693
0.9345301206150507
3.970805824862484
1.5154421980282393
1.2949851650295825
0.0
1.7349909224151492
1.5880117714047368
2.46233736722218
2.1658158394365654
1.6466642419110007
0.0
1.6649693257494385
4.266331692956901
2.916495972453022
1.958224832501124
2.250895827782494
0.0
3.0098043843528286
1.2557690800697192
1.0885011049519644
1.5393730252811677
2.0540268312306345
1.2284720098192363
2.2869567780619007
2.8244460759801417
1.958224832501124
1.192356218085477
2.1340743160056204
1.872969931164165
1.6276888006478718
1.246223729071706
3.3084403995549674
5.255923420816887
0.0
2.1476912089159055
2.1347907628901255
1.8196871111910016
1.0009398039350847
1.795137899831049
1.3705063051209185
6.649479326478728
0.0
0.0
1.4780822562194806
2.0705706652424007
2.0244462660665508
1.6794256847485503
2.627961710408444
1.6504045595709425
1.962672844874697
1.2193311110766474
1.533227700920213
4.92467473444436
1.4339637234586369
3.1251907639724417
1.2414943415352928
2.8842351000342656
4.108053662461269
1.5145137423394508
2.5674387149716855
1.3355980882200826
2.719665272174911
3.5823421191287177
1.3794462224541233
1.9146030690102511
2.0540268312306345
2.627961710408444
0.0
1.3248228362046923
3.0890553181566975
2.019385597421733
1.526608193588886
1.5784309053930103
1.4093659367045517
2.350583915974555
2.627961710408444
0.8696722729270957
0.9964194812460634
4.108053662461269
1.2659248081122272
1.4451874798404378
2.719665272174911
1.123099644603982
0.9778836669371416
0.0
1.399516246630787
3.7419436034576044
2.45924722629539
3.3864985683445354
1.9146030690102511
0.98456474516419
1.9146030690102511
1.3353534059549443
1.5301683686839007
4.521782889827669
2.349368878846939
2.8525466573456515
1.2193311110766474
1.6868284911560898
0.0
1.0253311603116817
1.1599713834969503
1.092534162077208
2.4829886830705856
0.0
2.159701133933343
1.0885011049519644
0.0
3.9164496650022476
1.184949136625139
2.276859592073037
2.627961710408444
1.6934096677198087
2.1300733682208985
1.092534162077208
3.1568618107860202
1.0253311603116817
2.1476912089159055
2.6711961764401657
0.9964194812460634
1.3846141468954278
1.4500372328365223
1.5301683686839007
1.3355980882200826
1.526608193588886
2.224972978585352
1.383065169890694
2.1671320168371846
1.33737378839527
1.2938671271866853
1.387819277861591
2.0929373635196202
2.042946039568498
4.514788618484021
4.5231450158122675
2.450044049168655
2.600479468433235
1.6504045595709425
2.9722035236042057
1.696134390396339
1.0559717178170818
1.8324424656864096
2.8842645504736155
1.376612309173904
1.3794462224541233
2.1601524349994397
1.7557381354086663
1.125276952005421
1.5154421980282393
1.9822566267103439
0.9570795280970567
1.432548017297354
3.9566236357113054
0.0
2.014094529310523
8.513235864754265
2.719665272174911
2.7518705117269153
1.6504045595709425
0.0
1.9822566267103439
1.4763939041893883
0.969094302009921
1.498157329860549
2.094331982557397
1.506189323093867
1.4763939041893883
2.352622489487909
1.5301683686839007
1.09320016416171
3.1085583786586426
0.9432284668356838
1.7179060012299232
3.016200863100729
0.9158318896571337
0.7809261361684662
1.3737889784665156
3.21858262703621
1.6529890635946527
4.749262933870049
1.3353534059549443
0.7456327109625561
0.0
1.2482891003951277
1.6404472625060698
1.8316227057267018
2.2869567780619007
1.0267407088662663
1.4500372328365223
1.7574239156849023
1.2194095175972335
3.0532163871777716
3.6620077259131136
1.9146030690102511
4.0946829546175705
2.159701133933343
6.649479326478728
0.0
2.5638444648203715
1.678569902493902
1.338172660529376
1.6571094803456863
1.633898440122165
3.098174990685587
3.435812002459847
2.900167020706265
1.4445809981770859
1.669518191897716
2.6545937801413144
0.918708060432945
2.4858281414101677
1.962672844874697
2.1833542743566987
1.6794256847485503
1.89811559672262
1.387819277861591
0.0
3.644667088679882
3.3234988111325245
6.772997136689072
1.8884748972625875
2.6440681349450874
1.7179060012299232
0.0
4.065425428798724
0.0
0.0
1.3353534059549443
1.123099644603982
1.4899946568663818
1.6934096677198087
3.691403132526666
0.0
1.3406098771393427
1.501113044470048
2.5540496664715904
0.0
0.0
2.276859592073037
3.4585921141027365
0.0
2.5197593442434796
1.7035962947530545
1.0253311603116817
2.276859592073037
2.445593937240363
2.1476912089159055
1.6466642419110007
1.0885011049519644
1.5784309053930103
2.9561645124389617
2.2854640586554065
1.7179060012299232
0.0
2.2694309136445803
2.8265205879007453
0.0
3.9016631127179084
3.056960239296902
0.8954307276600084
1.3494116947566301
2.3283404490850623
1.8196871111910016
0.0
1.4445809981770859
3.176023542809473
1.4780822562194806
1.3807872490500102
1.7911710595643588
1.0027521237451538
1.2193311110766474
1.1854149427022627
2.955622941561161
1.526608193588886
1.3353534059549443
1.184949136625139
2.328734903585348
1.5784309053930103
1.3466081761793225
0.0
2.660433537474882
1.0134961585174012
2.5115381601394384
1.8338931008625667
1.0371052406975223
1.199348129252962
1.4445809981770859
2.5756036060435537
1.6504045595709425
2.0315766105349127
2.4880148864515124
2.172054551709621
2.019095931404
2.0540268312306345
1.5784309053930103
1.342041599442359
1.566548602820126
1.6466642419110007
1.877751044216087
1.2193311110766474
3.016200863100729
1.579641846778938
1.9665244988381103
2.7385973411104616
2.627961710408444
1.1599713834969503
4.814971807094068
2.2869567780619007
1.7345617945636578
1.5886575611904474
1.8160849415439309
0.0
1.9998178299954352
0.702045056539082
1.6462224815532438
0.9408073315256957
0.7710201521596092
