1.5743238998935343
2.2566106884746566
2.081391736117493
1.484397715947238
2.0705706652424007
1.4313736142944766
1.6504045595709425
1.5347409473007245
1.3599471925976852
1.8154533256373546
1.6466642419110007
3.1085583786586426
1.958224832501124
0.0
0.002531194274310898
0.6679009843017161
1.483327704143614
1.3267311811659184
4.091092899898373
1.5304756282275755
0.0
0.0
1.3343744820839107
1.2723449341760718
1.2597613549164435
0.0
1.5784309053930103
0.7899825957168984
2.9559265264674432
0.9056431903693958
0.0
0.0
1.5301683686839007
1.422288536849777
1.9663055452075509
1.6777428598387358
2.60859600387516
1.7780231570899279
1.173396372647394
0.0
1.313703349819519
1.4443498337559604
2.490647314879772
4.237713199752784
0.0
0.0
0.0
3.1364240458810366
1.9869571647551538
2.719665272174911
0.5318341850037304
1.4706179117287135
0.9816077559181531
1.382873248277475
2.8265205879007453
2.04834890794109
3.0272532566104675
1.698797377536768
1.406913671238289
1.3787378115992848
2.392598022685055
1.580169449375054
6.870976634467838
2.2000115916912106
1.2284720098192363
2.302876686963141
1.3727612999651684
0.0
0.9631778273415427
1.0874855581018654
0.0
1.5570059225386168
0.4657077109733915
2.1563101271914396
1.5634914325618494
0.0
1.7418572487959199
2.570870274291898
1.0988680740550951
2.3305025167765563
0.0
1.7959970225525839
1.128052367258353
0.0
1.2943815027626757
0.0
0.0
1.801724217736594
1.2458232008504773
0.0
1.0660593091649477
0.7473752681805566
1.6808304933415033
0.0
3.227633361592567
1.1506348054035471
2.908317710573757
1.639604815277151
0.006265209450301582
2.2731543567022867
2.986360200388484
2.1365253878033577
2.6149826893840222
0.0
1.052262118092312
0.9743537658832057
2.6737739141846273
0.4222722895538474
0.6309651333150929
1.688261229583053
2.0592684545558493
5.847275578505034
2.6426280462739062
2.9752601722180643
0.9839759407788937
0.7296423164252336
2.9559265264674432
2.5665813713132626
0.784056129937822
1.8160849415439309
1.0207020761206305
3.0890553181566975
1.107827920507069
1.6694274219040879
2.2168425678308292
0.7635775104679421
2.5665813713132626
2.627961710408444
0.7533626138013962
2.229706147992188
4.298911598136699
1.4091499441909465
1.2009115879814647
1.313675139298797
2.2000115916912106
1.6276888006478718
1.6207525738139132
4.456882760699063
0.0
3.7968017775955714
0.0
1.5621825543318342
0.8896546764139783
0.8533473860841301
1.4763939041893883
0.0
2.9204280266544957
2.028802809405136
2.719665272174911
1.2826613961189053
2.4110800669854027
2.1476912089159055
0.0
1.4594726822668644
3.3864985683445354
1.7822401756265172
1.9547241675821363
3.4585921141027356
1.483649325906002
5.10809933294318
3.7125783346654475
4.196114906296549
2.028802809405136
2.6852494767993424
2.1440371673287992
1.9869571647551538
2.719665272174911
1.4417556939290288
3.0098043843528286
0.9881384789795751
1.4184480313609877
2.0719267726199013
1.5880117714047368
0.0
2.986360200388484
1.2624711902259984
1.1443641275104317
2.2591850660865664
2.14945579906835
2.5586897876995107
1.0224455192249078
0.0
4.356766657846935
0.5166669851080904
0.98456474516419
0.7131782537133089
1.2606305140562377
3.673526562988939
2.17212999031354
3.6310862176745293
0.9332541654327897
2.3901021968803136
1.3024611090413503
3.0235785635823293
2.094878016776162
2.4426495029761353
2.568331954752977
0.0
2.445593937240363
9.535414040914192
1.2606305140562377
3.673526562988939
0.0
1.698797377536768
1.7179060012299232
1.3415358053150546
2.034419869311294
0.0
3.1443446386286733
1.559480765382838
1.3186255929286188
1.6268011973185224
1.8916885184068941
2.916495972453022
0.0
1.7732200332501205
1.727223799216787
9.535414040914192
1.1769872786142876
1.2540980706244005
2.5019181833329114
1.7502348496399052
1.5784309053930103
1.2659248081122272
0.5369099947573203
2.16884536516529
2.0705706652424007
0.943980332348734
2.344884741455328
1.2589193610827865
2.1671320168371846
2.5642993454084824
2.315472233965254
0.6834077498439706
1.2098248562911875
1.0363935070930819
0.0
1.986646657111829
3.077061262737526
1.669518191897716
1.6808304933415033
0.0
1.5392876926132886
2.099844458473431
1.6891676725883336
1.3746264317518067
1.2196223684528658
1.8513230141998622
2.9630836289737035
1.796107529084912
1.8072930970335388
1.621725856092832
8.403703759902122
0.0
3.7477767366779213
0.0
1.742615402339343
3.2149545730574576
0.9584157964125064
2.4290971951553715
1.6401208014088857
1.01885071934386
0.0
2.908317710573757
3.3961882197738325
0.28144834750597886
1.8749089613133423
2.6490337110357856
1.8721971830722224
1.8160849415439309
2.308316689352168
2.0055548521339164
2.8666091494718775
0.0
1.6833963617814713
1.6216841681867293
1.735615297903861
3.4585921141027356
0.0
1.8884748972625875
0.0
3.377156414337854
0.0
0.0
2.583112439191653
2.916495972453022
0.7299672499443072
2.9381581998927433
0.0
1.098475607466579
3.0458656450962613
1.3787378115992848
2.6987341279976564
3.9164496650022476
2.7354882120611315
3.7726698069117846
1.8969389023039882
3.7954847898457067
9.31820340353328
0.0
3.235537081118379
0.45238939011553836
3.227633361592567
6.870636427700047
0.0
1.0645116331223183
1.831663779314268
1.8333813469321008
1.0677453845121734
2.4781895402582057
1.8516189625384492
1.549109429143845
1.3829363442056404
1.6496993358012353
2.0244462660665508
0.0
2.362534339633758
0.0
1.5301683686839007
1.7502348496399052
1.5738541970947637
0.8042309658176904
0.0
0.45919621176971004
4.456882760699063
1.9146030690102511
2.276520599294607
0.0
1.65345928425853
0.0
3.929752628321626
0.0
0.9380616298083226
1.6466642419110007
1.4899946568663818
3.3142882018868
1.5177083569886443
3.42209762272661
2.2330349019855595
0.0
0.0
2.247346032110286
2.60859600387516
2.4426495029761353
1.7156361558869555
5.669791110976001
8.400788786839632
3.4619966745365747
2.302077893514382
2.1277706909980765
5.42821064703297
0.0
1.575883810683647
2.4814312101255
0.8801876235332763
3.149696072246702
1.7179348016194305
1.9665244988381103
1.5732934811145336
6.870636427700047
0.8155308050186704
2.787344896399144
1.4910943694160985
2.1440371673287992
0.0
2.304907678117588
0.6447823804994769
0.0
2.8299217142066735
2.4159653599212296
1.5667457555663336
5.771298850643905
2.8378637222629375
0.5669950815694447
2.923637789252517
1.8709718017288024
3.430282112563312
3.377156414337854
1.6285513482589822
0.3947685521846833
1.3623590436730273
0.0
0.0
0.0
0.0
1.9651001128570365
1.3287463532709287
1.9574595619308623
1.618404981182474
8.116697886877475
1.2753998269755913
0.0
0.0
2.0244462660665508
2.1320819468821623
3.098174990685587
2.7869730680842904
1.8609415148632085
2.1619563671311695
3.6788182099665687
0.9596488401476516
0.5508615662801871
2.3287393532008136
0.0
2.1563101271914396
1.3947702496526613
7.603985612048923
0.9726983079028162
1.7389560486986841
2.156693969393992
1.4157146038769592
1.2801429654737586
0.0
4.515183688171633
0.0
2.5197593442434796
2.7925616469262944
1.2647551397377312
0.0
0.0
2.3725516345643967
1.9869571647551538
4.767707020457095
3.2831439023326494
0.929896218128723
2.226430210797539
0.0
4.9323515694897075
1.3092977432801425
1.1811062269093011
0.0
1.3417048544084738
0.9667730854450062
9.746997877627233
2.6374077368969155
0.0
0.0
0.0
0.0
1.6466642419110007
1.1836187458972367
1.821226775481922
1.1473150461164188
0.0
0.8137851304840144
4.456882760699063
0.0
2.159701133933343
1.399516246630787
3.2275721233916013
1.362139146403461
2.034419869311294
4.835617971180587
1.6984791926193727
0.0
0.9846753958878902
3.673526562988939
0.8002440838884255
1.5099515168632092
1.7581039130474174
1.9460783445033114
1.026454928030099
0.0
1.0591523577197133
1.672212770711086
2.0315766105349127
4.456882760699063
1.366853278469817
2.180270142284926
1.8160849415439309
6.837203339116283
0.004739153159129942
0.0
1.269961673637781
1.6923380732581934
2.276859592073037
1.9240848598265397
2.2840528494190804
1.1803561821440631
3.983253478176822
2.5197593442434796
0.0
0.2680581758280726
2.719665272174911
1.432548017297354
0.0
1.3058944351862714
2.1052823456422733
0.0
1.8897852222361986
1.1387531010966332
1.3894621797425153
1.1802275705238439
1.4278442804983642
0.0
1.4445809981770859
2.292084231617577
0.0
0.0
1.7437070541261908
1.9869571647551538
3.1203667270627813
2.8752756483814883
1.8800283429542626
6.250381527944883
3.7159390072518104
3.435488317233919
0.5026160698374601
0.0
0.0
2.3290389217566525
3.812406893732916
3.7052472057637615
0.9192680991983538
2.4623373672221804
2.8482002133378677
4.02724819242185
1.3808554600491851
0.0
1.3593676507824188
0.0
2.242872568617871
1.2305311064153412
1.4239717687900606
3.435488317233919
2.1864003283234195
0.0
1.9428574714033409
2.330920810330635
2.0252905012123184
0.0
2.084323581868844
3.9270124012072847
0.0
0.0
2.0128303461390598
0.0
1.3643952159913204
0.9351091022189283
2.5795879170461364
1.3008059448081934
2.5038822736712403
2.56249125689746
0.8586743126543016
0.6306819914411274
3.1251907639724417
1.044718282275261
1.3253962558322638
5.08503275070871
2.445593937240363
1.2152858481602227
0.7622192632595594
0.7915268563019138
1.7502348496399052
0.7404161439394173
0.0
1.645633343998552
0.7969064788106347
1.6044758364956773
0.0
0.0
1.236076576397834
1.033421557416091
1.9822566267103439
2.2645659041026507
1.2855360233450643
1.6488634300157903
0.0
1.431306716763
5.026311785824354
0.4905388575186869
1.2046120757916725
3.1157290929555894
0.6978448233159605
1.789234746542202
1.802913168177516
1.1135223390103532
2.8603449943861583
0.0
1.780380834377348
1.1397613323134768
1.4717662109143204
1.1814548520028947
1.9939356160552943
3.471023784089875
1.8123095684554635
2.910967817713898
0.9761811701650385
2.2751694875125548
0.0
1.4144271890348932
2.537856360538449
0.0
2.2731543567022867
0.0
2.8752756483814883
3.05662259476214
3.30691856851706
1.8110197178625276
5.383066722109051
3.114052383931503
0.0
1.66118012671092
1.506189323093867
3.102160927976006
2.2869567780619007
1.0414229888821893
2.2869567780619007
1.3112928216259965
0.8004139666774741
1.1172474605269587
1.7938778114342844
3.149696072246702
2.5540496664715904
1.0098679879902392
0.0
0.0
0.0
0.0
2.0123620331881527
1.3803048823117596
1.8394091049832844
1.5145137423394508
3.2677968802443296
2.5642993454084824
3.4585921141027356
1.3149361462557834
1.8709718017288024
3.435488317233919
1.6068581927959764
2.06765816458244
2.242173863464727
0.0
0.0
2.988662868962178
2.005882105268254
3.124719790499494
0.0
2.916495972453022
2.8289458031628008
0.0
2.0269923170348023
4.540013809283726
1.5570059225386168
2.15852036483705
2.725762876425168
1.6037083902133962
1.2969768725628508
0.13875521868010815
1.04170792613293
1.9050169756515931
1.7859166437198088
1.727223799216787
1.3253962558322638
3.9977111635904987
3.4623186532721393
2.3508908105855313
5.299723380189971
0.7915268563019138
3.9649497145198485
0.0
3.425166119071888
1.4106375825866007
1.6037083902133962
1.6219411495128793
1.377944310261329
0.0
2.139538333930869
0.0
0.0
0.0
0.0
2.0719267726199013
0.0
0.0
2.180178864304235
3.3311218440971264
1.4815418144868515
1.5509443325937458
0.0
1.3528045453700184
1.9176702697786152
1.7557381354086663
2.2796871594840864
1.485994012122126
1.522404293509396
9.469167282754096
3.755001157177446
2.34733334965899
1.6590830594843562
1.203629906452523
1.7158520715495893
1.9346035585461325
3.80640298278295
2.247346032110286
2.276859592073037
0.6857769304691761
2.908317710573757
1.9206518533265367
3.0307929020048165
2.302077893514382
2.0128303461390598
1.1848104855866086
2.299921972415939
0.5892510509252525
1.4024364801368252
1.2861657579796746
1.8123095684554635
1.8504430829513174
3.393026569182827
2.6510765135451
0.9830755328275885
3.102160927976006
2.458476536482737
2.0857995854646623
0.7697071305070338
0.9121454280526586
0.0
0.0
1.9346035585461325
0.7404521401504452
1.4622771495305926
2.853183878886449
3.093069582702195
0.0
1.8110800993753928
3.245932723959709
2.417808985590294
1.1346779269780443
1.1641702245425312
1.3353534059549443
3.7954847898457067
2.8980752538884604
1.6731117480311728
2.8666091494718775
2.3762781498727703
0.45831274292729113
0.0
4.456882760699063
3.6601131095748753
0.7787832247371873
0.9780683273472224
1.8338931008625667
2.728019228555613
4.459310153552376
1.2659248081122272
4.411553790433677
1.94745336941834
0.7990819669882756
1.192356218085477
3.7443943661444457
3.126728569434949
2.1398205882297647
1.2453236574398863
2.0719267726199013
1.578994121820227
2.0822836897918786
1.9071414280313312
0.7887471949677209
3.821774391346778
1.353090541432962
1.6446030914820982
1.2078766607241669
2.5795879170461364
1.9240848598265397
0.9584157964125064
1.6905248537351232
1.2182923849284912
5.151324784999323
4.514970966647375
1.950025475453772
1.543228837249852
1.806536430516486
1.8952490781358413
0.6632546887897792
0.7900914417448027
0.12987434758906927
0.976509581208971
4.053997537205932
1.2322135018444962
0.8866348580621098
1.3215020681671554
0.0
0.9624717387787474
4.529131808205302
2.4426633221059637
0.0
0.7679642193896297
0.7379207016004321
0.0
1.7021996863461522
1.5589675637698992
0.8902936584857611
1.439413740718659
2.176316275810588
1.5347409473007245
0.0
1.872969931164165
1.09320016416171
1.533227700920213
4.499687167704877
3.32440325069855
0.9518279106763727
2.6485681362909563
3.1251907639724417
0.8922771915916083
1.9460783445033114
2.6763747153468453
1.2206850975602235
1.642277366631925
2.10576358653122
0.0
2.315472233965254
1.323272412374924
1.235246799367264
0.0
1.1222332880723576
0.7784195183058047
1.2029836128558145
3.983253478176822
2.5850916337077003
1.3200025465107375
0.36949392174948403
1.8160849415439309
2.853183878886449
6.870636427700047
2.3547653529958312
0.0
2.444828721083369
6.567274736060395
1.484008131430182
2.2731543567022867
2.328734903585348
3.377156414337854
1.881555714180042
1.8322242370845816
1.796107529084912
0.0
1.05075644277416
1.575883810683647
1.7604145271371072
2.452471008337642
2.1515930702228068
0.0
4.456882760699063
2.719665272174911
0.0
5.927959184535865
2.3629035975324633
1.4031489006788196
0.0
6.567274736060395
2.153418706857618
0.0
2.0541000903915125
6.8324227195999585
1.9455565649607875
1.6731335289481066
1.5540456119337736
0.0
2.8449170281686236
1.7911710595643588
3.3719977311105427
0.9490346044574515
1.0672499531113084
1.788433152889739
1.7756683992715505
0.9667709322393341
9.678598850329502
2.2854640586554065
0.9788497439702768
2.2731543567022867
3.4015426186864377
4.513617516969122
2.276859592073037
0.0
2.0029180786242153
1.3902193611199336
0.0
3.0235785635823293
0.0
4.835617971180587
3.5279677192964733
0.3112605915590201
2.539082251801093
1.044718282275261
2.627961710408444
1.1547595444682526
4.513617516969122
0.8522309433486996
0.0
3.03639173714323
2.853183878886449
2.360926901454312
2.583112439191653
2.859888641641619
1.4451874798404378
1.2483909780223903
2.7354882120611315
3.737437943747671
1.8597924362574465
5.633171091207466
3.8292061380205022
1.59426280433703
0.7528742034383675
2.7076576267554477
1.7850542155063764
0.30791070700381057
1.1886249343195385
6.770186228657864
1.406913671238289
1.01885071934386
0.0
2.352952785530031
2.5540496664715904
0.8958842298007127
3.3495035708457803
0.0
1.1552167775385556
1.7911710595643588
2.1645171811846846
1.2663723860914062
1.7179060012299232
0.0
1.7021996863461522
2.2708927002193318
1.3130024014893489
2.26052965304287
2.059181229713454
1.7635178264527283
0.0
0.0
0.0
1.9939356160552943
3.21858262703621
0.0
2.299921972415939
2.426532257432171
4.480836160121357
3.168429634207702
3.787865612579481
1.8203126785831367
1.727223799216787
2.4623373672221804
0.7932621645835087
3.460671050352873
0.0
1.8639599047368065
0.9586294510078718
0.6555917096834903
1.4443498337559604
1.1288853490560482
2.328734903585348
3.0717490052419585
2.447822402834545
1.3209427368910835
2.2679861555313092
1.0027521237451538
2.5292817518388535
1.0142944707488284
0.0
4.725807195064926
2.627961710408444
1.5392876926132886
2.35864181846352
2.4426633221059637
0.8159905464255075
1.7017752393435472
3.4879131457496997
1.323088230054499
1.788433152889739
5.522397783539471
0.0
2.1409907800309074
5.669791110976001
3.7968017775955714
2.302876686963141
6.870636427700047
2.8749536116217387
2.5540496664715904
4.1246854488197995
1.0456906863739068
1.6393984942509867
1.3749265821588377
2.16884536516529
2.063004465487746
0.7829615611793352
2.1409907800309074
2.7005617565085704
0.5252745559895782
1.9822566267103439
2.8398387225677895
1.4313736142944766
1.8499818609697576
1.5784309053930103
0.0
1.66993068726635
0.0
1.0966301393701294
2.660547003401932
0.7015981227790723
1.2289522688764083
0.0
3.7303716847300374
0.0
0.9165060069603316
3.7477767366779213
1.1473150461164188
0.0
1.8854359641630605
0.0
2.110598936713726
0.0
2.087736220588747
3.515208856700362
2.301174290200105
2.043962606050419
2.1052823456422733
1.4400778827658958
1.192479960141826
1.796107529084912
1.0196962751806482
2.9561645124389617
1.5567102923487885
1.3287463532709287
1.9146030690102511
2.8085997490043626
7.16047614494885
3.0556085059418456
4.069582841180382
1.3343744820839107
1.5567102923487885
2.3104599284290486
2.330920810330635
2.1347907628901255
4.503733751056993
0.0
3.1364240458810366
3.221515452693472
2.522888561974022
1.3465189427757207
2.2869567780619007
5.854497694024015
1.5637314209016362
1.8913109322531225
0.8691278126128095
2.426532257432171
1.3154297241164157
2.988662868962178
0.5639761817130674
0.0
2.60859600387516
0.0
0.8707903615040234
0.9083367381976234
2.8398387225677895
1.7956349284756952
3.3375250824346385
2.4951561316522826
2.867273570500278
0.0
0.9466533847097194
0.43256642237035553
1.5340869295419453
2.319481081282676
8.116697886877475
1.109727645289861
2.725762876425168
2.988662868962178
2.0719267726199013
1.126061037677745
2.180270142284926
1.3433194773490187
1.8709718017288024
2.924787967297273
2.1052823456422733
1.0887890124677153
1.4305966716398135
0.0
1.4313736142944766
1.8394091049832844
0.0
0.7158442069608654
0.9798555761147508
0.0
2.1563101271914396
0.0
1.6125620554954614
1.612334583571396
2.6556282775658278
2.3981033867398476
1.958224832501124
2.1671320168371846
1.0994676260836458
1.3749265821588377
0.0
0.6370050255165177
0.6309651333150929
1.3424784891197827
2.7475840224387316
1.21662899661412
0.0
0.995669073447563
2.224972978585352
1.782800770119698
0.0
1.7547111603763574
2.544354209531657
3.1251907639724417
2.7076576267554477
2.1671320168371846
2.063004465487746
2.1476912089159055
1.6532587556583624
1.2438881504610761
2.0540152107739
2.7354882120611315
4.360540284569853
2.908317710573757
2.812739937159535
1.4767281134317447
1.793443763338368
1.7940140496456916
4.02724819242185
1.4868046397998633
2.0540268312306345
1.5667457555663336
6.284749190672594
0.0
4.319402267866687
2.156693969393992
3.377156414337854
2.5558658375642063
1.936951576869077
2.226430210797539
0.761720379235356
1.9914519429181756
0.0
0.0
2.163663170546643
0.0
0.0
3.393026569182827
1.4428538560717097
0.8751301502004946
3.823246852690463
1.9984770314351032
0.8728922598851214
1.5283112973810702
1.5166347857062117
3.4623186532721393
2.168776966261936
0.9796585245285931
1.8731000204483572
2.1619563671311695
1.1447674085674528
2.5197593442434796
2.2708927002193318
0.9441925205997571
1.721084845158764
3.4773726771348983
1.1840503781981937
2.0780731303323425
5.855164519178106
2.2731543567022867
0.05468988016936943
0.8110769058886786
3.21858262703621
3.776949794525175
0.0
3.4015426186864377
0.0
0.0
0.0
2.191047306688164
2.028969988565578
0.0
0.0
1.7962535325422595
3.2102266094727727
0.9995892359877651
1.8854359641630605
0.0
2.627961710408444
0.0
1.7324044975269597
1.236076576397834
3.2089516729913536
0.0
2.5006150769968634
2.5303662830352045
1.275205294843612
2.1671320168371846
2.812739937159535
1.2659248081122272
3.3864985683445354
0.7242454836507125
1.9665244988381103
1.1965576239143463
1.4331734778487197
1.188432823684058
7.714083835041007
1.5702349926104733
0.0
1.3200025465107375
3.1934960455974277
1.2858988602484345
0.0
0.0
2.0315766105349127
0.0
2.627961710408444
3.0372940354383413
0.0
2.0705706652424007
0.0
1.1348017612063048
3.5539310606147465
2.9582846985438294
0.0
1.7756683992715505
2.1178280193628343
1.7954191306802214
2.520513284981449
2.321545802766395
2.3547653529958312
3.7282699369415675
1.1674176533144303
2.3772498686390766
1.1587084309180038
1.7227831347538063
4.456882760699063
8.116697886877475
1.1193880151647062
0.0
1.9600629536473144
1.877751044216087
5.522397783539471
1.431844427703448
2.3336888050072386
3.50435988978491
1.958224832501124
2.036577672681062
0.0
3.3347833376461113
0.8138524327734858
1.6815504814311348
0.0
3.3864985683445354
3.7052472057637615
2.094878016776162
0.0
1.793443763338368
1.1458269905488951
0.0
7.39343948260436
2.5450723423460606
0.6110636633040414
1.9080540806106014
0.0
4.79981069911921
2.04834890794109
1.8306823921345847
2.6075312705251754
5.679677445135579
5.210488486992441
0.9091085261007541
1.6268011973185224
3.7477767366779213
0.611114016699519
2.719665272174911
1.035755585816518
2.9737492414477473
1.6536434015815746
3.677726164813991
2.605244243496221
1.3181364063700514
1.5436644068195333
4.916953072965473
3.1703179017053937
0.0
0.0
4.288074334657599
1.18271569172795
1.2313967734309281
1.5623336334752322
1.2347721984139213
2.094331982557397
4.848169255678505
1.6590830594843562
1.1743309926340424
1.14485457931631
1.5391340099294262
1.3120820220626386
1.2047322364859303
1.3124233827940486
0.0
0.0
0.0
1.8160849415439309
1.8499818609697576
1.280755571210336
2.0396579473634278
2.725762876425168
2.159701133933343
1.7820830313210292
4.40002318338242
2.151159633747987
1.6913956476085643
0.0
3.7477767366779213
0.9005035376417098
2.923637789252517
2.2608914449138346
1.9329358346201984
1.4230810192001933
0.0
1.7911710595643588
2.123942827669033
1.3355980882200826
4.319402267866687
3.9164496650022476
0.0
3.739277016277878
3.515208856700362
3.0098043843528286
8.116697886877475
2.481536321051675
2.4101234231485975
2.3629035975324633
3.444898507753047
1.113432094678067
2.9275822595890535
0.0
0.7764459573752858
3.1251907639724417
0.0
2.141770428097284
1.1552167775385556
2.0244462660665508
4.990049701936832
1.4325332513496538
2.266870701656303
2.8316557261689024
2.1700200543960486
1.4808866847435131
0.0
0.0
1.1389135796244694
2.5665813713132626
1.9146030690102511
2.0540268312306345
1.45382052502178
1.6017504241305096
0.0
2.4426495029761353
3.6353588668522963
0.8528783148501169
2.9381581998927433
2.159701133933343
3.7477767366779213
2.1728949814734473
1.3469061897824623
1.6395955393726065
0.5932924273286976
0.0
0.0
2.4347130516557893
0.0
4.288074334657599
2.01381482546679
0.0
0.0
2.4074859035470344
1.5301683686839007
1.7906467188618254
1.14485457931631
1.229721858538738
0.0
2.8085997490043626
1.1757579768727393
3.1134205846975775
0.5884852107105167
0.0
1.7757003991314684
2.853183878886449
0.0
0.0
1.0298906235154837
1.18271569172795
0.0
2.1435892894560347
3.0268675397150555
2.732111648124769
0.0
4.03521945951425
4.767707020457095
2.1277706909980765
1.2512754594423912
2.9275822595890535
2.292084231617577
1.6308837656973074
1.8830168484966994
5.679677445135579
0.0
4.396165418527572
2.653609415136385
3.3864985683445354
2.028802809405136
1.4592653734078993
1.638897539979041
2.923637789252517
1.3528045453700184
0.0
3.7159390072518104
1.1156580179269362
1.950443326499412
2.0736360346835556
0.0
2.4426495029761353
0.0
2.3788503848266394
2.16884536516529
2.571013894117821
1.5868476281722577
2.1087258800064044
3.377156414337854
1.3497340240288704
7.413670083653376
2.5197593442434796
3.0117666464212203
1.3554046176791774
1.1567397485091366
2.8479435375801208
1.8837936165988451
2.812739937159535
0.0
2.7757915716335906
3.387289739358673
0.419831827833186
1.6701777430699283
0.0
0.0
0.9022136640364156
1.8196871111910016
1.7581039130474174
2.1476912089159055
1.4428538560717097
5.522397783539471
1.3287565534849795
2.7005617565085704
2.2330349019855595
2.719665272174911
0.0
5.522397783539471
0.8343454794814256
0.0
2.5586897876995107
1.4815418144868515
3.6667626938642015
2.853183878886449
0.0
2.2974228909810366
2.1563101271914396
2.5450723423460606
0.0
3.3449303459224256
1.1363999441911579
0.8090581833498153
1.9833734500134768
0.7219231390590439
4.735536667911913
0.641473976638645
1.8808142320924073
0.6447823804994769
2.583112439191653
1.621725856092832
3.3864985683445354
1.1743309926340424
2.319481081282676
0.0
2.604768236601229
1.5883928029677052
2.0315766105349127
4.955725306405571
0.943353010185168
0.0
1.5880176593692206
2.2000115916912106
3.1085583786586426
2.047851903336745
1.0285342873908456
0.0
1.0050877063301282
1.2606305140562377
0.0
3.3449303459224256
1.1435747191897463
0.0
2.5277199920920967
1.8074696761828841
0.0
3.227633361592567
1.941907115484886
1.306136513430574
3.3311218440971264
1.9660670751694698
1.5054467888655148
1.080855079616763
1.755569903888416
2.1763171075118724
2.719665272174911
5.022910185878574
1.9146030690102511
0.0
1.355183500989865
0.0
2.627961710408444
5.693025330278465
3.056960239296902
1.6045264384659963
1.877751044216087
0.8077558064665815
0.9432284668356838
0.242637224857426
1.5801667475108314
0.0
2.5540496664715904
1.348102860559842
4.300847718252331
1.9665244988381103
3.8692071170922646
0.0
1.579641846778938
1.9623905504483115
5.522397783539471
1.7657516777206852
1.2029836128558145
0.0
1.7224492538765235
2.5152665435696178
1.789234746542202
4.456882760699063
1.8850823027642758
0.0
0.0
2.544354209531657
0.0
0.7908408639838053
4.923026124015933
1.947901982442519
1.8854359641630605
1.432548017297354
0.4919923219121867
1.237284241939097
0.0
8.116697886877475
1.1220707185903924
4.02724819242185
1.3942768091999966
1.5154421980282393
4.540013809283726
2.040772158804365
14.342165432034776
3.4695461193621018
5.876350803261633
3.4030569206833334
0.0
1.476252438907077
0.0
1.702105656807561
1.8123095684554635
2.932817471457821
0.0
0.6276071126342915
1.056975410936581
3.0165524927300758
3.1085583786586426
2.0244462660665508
0.0
1.9218385341145365
1.5165704151597017
0.5444523374436734
0.0
1.2985765502508118
6.772997136689072
0.0
3.4585921141027356
1.0230589619465373
0.0
1.3667950042025578
1.950443326499412
1.651126819848788
1.877751044216087
2.2325174503683516
2.867273570500278
0.0
3.798130999465141
0.5555889909056817
0.0
1.7179060012299232
2.537856360538449
1.5607432247146222
0.7172982068065958
0.9831798392934559
2.1147443100385908
0.0
1.8160849415439309
1.7042146160049085
5.502864961063114
3.393026569182827
3.3416458205245885
2.242872568617871
0.0
1.9168315928250126
1.5416838024282304
1.344582985145481
1.826472886268134
0.0
0.0
0.0
2.1361246127724347
1.399190222548917
0.0
3.708659055657029
3.1085583786586426
0.0
0.0
0.0
0.0
0.0
1.1496934318043348
0.0
0.0
1.8313855834567963
0.6949999011151207
0.0
0.0
1.1417072826461012
1.113432094678067
1.9455565649607875
1.5283112973810702
1.5167145487126126
2.627961710408444
1.5054467888655148
3.149696072246702
3.4089919964838553
1.3884266239401117
0.0
7.681104116622756
1.8800283429542626
0.0
0.8994022236720418
1.6518069411986598
5.338557291142526
1.7043400968908924
0.0
1.1378690097593176
2.122894426144709
1.413521228962437
2.0592684545558493
3.0268675397150555
1.257305487422926
1.506189323093867
2.2679861555313092
1.647791695013475
0.0
1.7437070541261908
1.1690090502136248
0.0
3.479789360876994
0.0
1.669518191897716
2.2325174503683516
1.6655609220485634
2.447822402834545
3.377156414337854
2.2392970339022753
1.966535624321864
3.600104948631532
0.0
0.8165459919346113
0.821584178303865
2.313479497018273
1.2669716281003425
0.8528783148501169
0.0
1.4443498337559604
1.8709718017288024
1.8382465348186563
2.3547653529958312
2.15852036483705
0.0
0.9463612372305977
4.278179264606695
2.908317710573757
2.159701133933343
1.510653959005527
4.9323515694897075
4.515183688171633
5.854497694024015
0.0
2.5756623924996602
2.9559265264674432
0.9826541291976162
3.7159390072518104
0.5965842655491094
0.0
2.2612567814507307
0.0
1.2790472364820509
1.3343744820839107
1.3651759978530018
2.100486170944437
6.542540885608183
0.0
0.0
1.73115932663607
2.808477457288891
2.6643211213888947
2.244687561523562
2.2789551664661816
3.098174990685587
1.4331734778487197
1.9169807603100912
2.7005617565085704
2.7076576267554477
0.6193628179172647
1.7547111603763574
6.567274736060395
1.5880117714047368
1.6479661051126473
1.2638455222950324
1.6526850525490153
2.56249125689746
1.0207020761206305
2.6440681349450874
1.9600629536473144
0.5834815062676286
1.6694274219040879
1.2650341411243247
2.445024935826176
0.0
0.0
1.9428574714033409
1.3967653161805977
0.0
6.567274736060395
5.11459870708889
0.0
2.039364215480396
4.9323515694897075
2.047073961648622
3.1085583786586426
0.0
2.813983379102919
1.1495266736814922
0.0
0.0
0.0
1.6694274219040879
1.49332013276661
1.121842111671436
0.0
1.7487419695819
1.000508940501085
0.0
2.374129958091764
2.328734903585348
0.8093390349220582
0.0
2.452471008337642
3.6290893020638735
3.1364240458810366
2.299921972415939
0.0
2.8752756483814883
1.8800283429542626
0.0
2.6149826893840222
1.5880176593692206
0.0
2.0837289954869336
2.6149826893840222
5.816635421147513
1.802913168177516
4.515183688171633
2.2840528494190804
0.0
1.506189323093867
1.8333813469321008
1.6479661051126473
2.605244243496221
3.823246852690463
4.923026124015933
2.988662868962178
0.0
2.1671320168371846
0.6662591348749398
0.0
1.8305318760918443
0.0
1.0033352690810016
0.0
1.220804815982381
1.3794462224541233
1.580169449375054
5.075712721076898
0.0
2.0315766105349127
2.055847707468329
1.2676157442377627
1.387819277861591
2.319481081282676
2.1147443100385908
5.356850921756574
3.4321559853763484
1.2091754972302609
1.1423392165906565
1.9146030690102511
0.8413243814966543
1.5593987533296287
7.593603555191143
0.9192680991983538
1.736737893231131
0.7850820667904758
1.2801843129789152
2.0202219283146876
1.243297854035645
1.033117433244338
1.2676157442377627
0.0
1.320366595136407
2.56249125689746
2.4779853471705344
3.435488317233919
2.667436404844548
4.835617971180587
2.812739937159535
1.6300753344054786
1.950443326499412
0.0
3.1364240458810366
1.3469061897824623
2.5066346703158198
1.382873248277475
0.9584157964125064
0.0
2.0266641468446673
2.326808992228539
0.0
0.6141480270463575
2.908317710573757
2.2731543567022867
2.045123096851001
2.3611469356193475
0.9631778273415427
0.7392268482123175
2.0086245689635915
2.812739937159535
1.2861657579796746
3.9592150017498815
0.0
0.22813843244769813
0.0
0.6838393198807637
1.6360115411488572
4.0261390862290805
0.0
1.1570192467676925
1.5984858158839017
1.7946164267667561
1.2104217351859365
2.917895294313269
1.189812350667724
1.6466642419110007
2.616269437927649
0.0
5.821935635427797
5.522397783539471
1.4417556939290288
0.8938498839139328
1.0779101191445002
1.5392876926132886
1.755569903888416
2.910967817713898
1.902337345686792
1.382873248277475
1.5732934811145336
1.268559500048408
0.0
4.456882760699063
6.8179839929677115
2.4074859035470344
1.3149910260249478
1.261900774693035
1.8300565547874381
0.0
0.0
3.737437943747671
2.8270424579248745
2.8398387225677895
2.8649372126039707
2.159701133933343
0.0
0.0
4.513617516969122
0.0
4.065425428798724
1.8110197178625276
2.2392970339022753
1.7035018586323527
0.0
3.9667693416381398
2.159701133933343
0.18464326195709427
0.0
4.300847718252331
2.583112439191653
0.0
3.823246852690463
4.246549372656572
0.0
1.881555714180042
2.453339588640413
1.3902193611199336
1.5821934551541403
0.0
3.696719741302181
0.0
2.908317710573757
0.0
0.5789886025125507
2.4781895402582057
0.07763186945116722
0.0
1.33737378839527
0.0
1.8504430829513174
1.7426578426181496
0.0
0.0
2.15852036483705
2.04466178884362
2.5197593442434796
0.0
2.3901021968803136
0.0
1.0061810165940763
1.2594799989309735
1.9600629536473144
1.193606503708655
1.269961673637781
1.2614837142572906
1.962672844874697
1.5784309053930103
2.330920810330635
1.5102474580708127
4.3899270742871295
4.189756033552324
1.06472490926338
2.8398387225677895
0.9671266891634408
8.116697886877475
2.452471008337642
0.0
2.0097698901231946
1.4815418144868515
2.1440371673287992
2.571013894117821
0.0
0.7952776003571096
1.222758876552998
1.89811559672262
1.6753411391800341
1.902337345686792
0.0
0.8822199554945152
2.634610208864319
1.958224832501124
0.0
2.1764984847601117
6.060253743882019
0.0
2.6629879653210753
2.7385973411104616
0.0
0.0
2.7005617565085704
0.0
2.703251334489793
1.4524352287301077
2.0244462660665508
0.0
0.0
0.2992872369270667
1.2162735900990473
1.4309842727675997
0.7138298563066955
