10.122592925934278
0.0
5.669791110976001
6.770186228657864
17.747405280050266
27.516060407455225
15.881076016027917
0.0
4.196114906296549
0.0
12.872632311973014
0.0
9.287528999566801
0.0
27.516060407455225
0.0
100.00000000000004
0.0
0.0
0.0
0.0
0.0
0.0
0.0
0.0
0.0
0.0
4.300847718252331
0.0
0.0
0.0
0.0
100.00000000000004
0.0
0.0
0.0
0.0
0.0
0.0
0.0
0.0
0.0
0.0
0.0
0.0
100.00000000000004
0.0
49.99999999999999
100.00000000000004
0.0
0.0
49.99999999999999
0.0
0.0
0.0
0.0
0.0
0.0
0.0
0.0
0.0
0.0
0.0
0.0
0.0
0.0
100.00000000000004
0.0
0.0
0.0
0.0
0.0
0.0
100.00000000000004
0.0
100.00000000000004
0.0
0.0
8.116697886877475
0.0
100.00000000000004
24.840753130578644
0.0
34.57207846419409
0.0
15.97357760615681
0.0
0.0
0.0
0.0
6.567274736060395
0.0
0.0
0.0
100.00000000000004
0.0
0.0
0.0
6.567274736060395
0.0
0.0
49.99999999999999
0.0
0.0
0.0
0.0
12.22307556087252
9.535414040914192
15.619699684601281
15.97357760615681
5.815868174415823
8.116697886877475
8.116697886877475
0.0
10.682175159905853
14.535768424205482
8.054496384843702
5.0243511979240845
0.0
0.0
0.0
7.092880133000481
8.170609724417774
0.0
100.00000000000004
0.0
49.99999999999999
0.0
0.0
100.00000000000004
0.0
0.0
0.0
0.0
0.0
0.0
0.0
0.0
0.0
27.516060407455225
0.0
7.253154775624655
0.0
7.253154775624655
0.0
0.0
100.00000000000004
0.0
0.0
0.0
0.0
0.0
100.00000000000004
0.0
0.0
0.0
100.00000000000004
0.0
0.0
0.0
0.0
0.0
0.0
0.0
0.0
10.682175159905848
10.682175159905848
0.0
0.0
0.0
0.0
0.0
0.0
0.0
0.0
0.0
0.0
0.0
0.0
0.0
8.170609724417774
19.070828081828378
0.0
4.507975895726358
100.00000000000004
1.1950534778876991
4.196114906296549
0.0
0.0
12.22307556087252
0.0
11.15650800742149
0.0
6.837203339116283
10.682175159905848
8.29519350710986
0.0
1.7364968940754417
23.263472697663296
0.0
2.6672400166448007
0.0
2.0778119330155844
0.0
17.145161801669136
0.0
5.439330544349821
0.0
0.6144331705488089
0.0
3.3168362425997198
7.16047614494885
1.906461985872578
0.0
9.823856717802673
2.727650866985554
0.0
0.0
0.14716691606361715
0.0
3.6612667086152575
4.521356896113449
0.0
5.30480945950617
16.893810421616948
3.639374222382003
0.0
1.508461497895703
0.0
2.742341580995955
0.0
0.0
1.994965394899609
0.0
0.0
0.0
2.5994328445126516
0.0
2.6147873694061268
13.166177546069168
5.124493274817819
0.0
5.669791110976001
0.0
7.22615116376053
2.613833716903516
0.0
2.4210129144442027
0.0
4.063257670723638
10.02653868126328
9.59248989489875
0.0
10.122592925934278
0.0
5.669791110976001
6.770186228657864
17.747405280050266
27.516060407455225
15.881076016027917
0.0
4.196114906296549
0.0
12.872632311973014
0.0
9.287528999566801
0.0
27.516060407455225
0.0
100.00000000000004
0.0
0.0
0.0
0.0
0.0
0.0
0.0
0.0
0.0
0.0
4.300847718252331
0.0
0.0
0.0
0.0
100.00000000000004
0.0
0.0
0.0
0.0
0.0
0.0
0.0
0.0
0.0
0.0
0.0
0.0
100.00000000000004
0.0
49.99999999999999
100.00000000000004
0.0
0.0
49.99999999999999
0.0
0.0
0.0
0.0
0.0
0.0
0.0
0.0
0.0
0.0
0.0
0.0
0.0
0.0
100.00000000000004
0.0
0.0
0.0
0.0
0.0
0.0
100.00000000000004
0.0
100.00000000000004
0.0
0.0
8.116697886877475
0.0
100.00000000000004
24.840753130578644
0.0
34.57207846419409
0.0
15.97357760615681
0.0
0.0
0.0
0.0
6.567274736060395
0.0
0.0
0.0
100.00000000000004
0.0
0.0
0.0
6.567274736060395
0.0
0.0
49.99999999999999
0.0
0.0
0.0
0.0
12.22307556087252
9.535414040914192
15.619699684601281
15.97357760615681
5.815868174415823
8.116697886877475
8.116697886877475
0.0
10.682175159905853
14.535768424205482
8.054496384843702
5.0243511979240845
0.0
0.0
0.0
7.092880133000481
8.170609724417774
0.0
100.00000000000004
0.0
49.99999999999999
0.0
0.0
100.00000000000004
0.0
0.0
0.0
0.0
0.0
0.0
0.0
0.0
0.0
27.516060407455225
0.0
7.253154775624655
0.0
7.253154775624655
0.0
0.0
100.00000000000004
0.0
0.0
0.0
0.0
0.0
100.00000000000004
0.0
0.0
0.0
100.00000000000004
0.0
0.0
0.0
0.0
0.0
0.0
0.0
0.0
10.682175159905848
10.682175159905848
0.0
0.0
0.0
0.0
0.0
0.0
0.0
0.0
0.0
0.0
0.0
0.0
0.0
8.170609724417774
19.070828081828378
0.0
4.507975895726358
100.00000000000004
1.1950534778876991
4.196114906296549
0.0
0.0
12.22307556087252
0.0
11.15650800742149
0.0
6.837203339116283
10.682175159905848
8.29519350710986
0.0
1.7364968940754417
23.263472697663296
0.0
2.6672400166448007
0.0
2.0778119330155844
0.0
17.145161801669136
0.0
5.439330544349821
0.0
0.6144331705488089
0.0
3.3168362425997198
7.16047614494885
1.906461985872578
0.0
9.823856717802673
2.727650866985554
0.0
0.0
0.14716691606361715
0.0
3.6612667086152575
4.521356896113449
0.0
5.30480945950617
16.893810421616948
3.639374222382003
0.0
1.508461497895703
0.0
2.742341580995955
0.0
0.0
1.994965394899609
0.0
0.0
0.0
2.5994328445126516
0.0
2.6147873694061268
13.166177546069168
5.124493274817819
0.0
5.669791110976001
0.0
7.22615116376053
2.613833716903516
0.0
2.4210129144442027
0.0
4.063257670723638
10.02653868126328
9.59248989489875
0.0
10.122592925934278
0.0
0.0
17.747405280050266
17.747405280050266
27.516060407455225
15.881076016027917
0.0
12.872632311973014
0.0
4.196114906296549
0.0
0.0
0.0
0.0
0.0
18.99589214128981
0.0
0.0
8.745825313180626
7.16047614494885
8.116697886877475
6.870636427700047
0.0
0.0
0.0
23.356898886410015
27.516060407455225
6.770186228657864
0.0
0.0
0.0
0.0
0.0
0.0
0.0
9.287528999566801
0.0
27.516060407455225
0.0
100.00000000000004
0.0
0.0
0.0
0.0
0.0
0.0
0.0
0.0
0.0
0.0
4.300847718252331
0.0
0.0
0.0
0.0
100.00000000000004
0.0
0.0
0.0
0.0
0.0
0.0
0.0
0.0
0.0
0.0
0.0
0.0
100.00000000000004
0.0
49.99999999999999
0.0
0.0
49.99999999999999
0.0
0.0
0.0
0.0
0.0
0.0
0.0
0.0
0.0
0.0
0.0
0.0
0.0
0.0
100.00000000000004
0.0
0.0
0.0
0.0
0.0
100.00000000000004
0.0
100.00000000000004
0.0
0.0
8.116697886877475
0.0
100.00000000000004
24.840753130578644
0.0
36.78794411714425
0.0
34.57207846419409
0.0
15.97357760615681
0.0
0.0
100.00000000000004
0.0
0.0
0.0
6.567274736060395
0.0
0.0
49.99999999999999
0.0
0.0
0.0
0.0
12.22307556087252
9.535414040914192
15.619699684601281
15.97357760615681
5.815868174415823
8.116697886877475
8.116697886877475
0.0
10.682175159905853
14.535768424205482
8.054496384843702
5.0243511979240845
0.0
0.0
0.0
0.0
100.00000000000004
35.35533905932737
0.0
49.99999999999999
0.0
0.0
100.00000000000004
0.0
0.0
0.0
0.0
0.0
0.0
0.0
0.0
0.0
27.516060407455225
0.0
7.253154775624655
0.0
7.253154775624655
0.0
0.0
100.00000000000004
0.0
0.0
0.0
0.0
0.0
100.00000000000004
0.0
0.0
0.0
100.00000000000004
0.0
0.0
0.0
0.0
0.0
0.0
0.0
0.0
10.682175159905848
10.682175159905848
0.0
0.0
0.0
0.0
0.0
7.092880133000481
8.170609724417774
10.682175159905848
0.0
0.0
0.0
8.116697886877475
0.0
1.2272653466789298
4.735536667911913
14.127216461522432
3.267668068737205
3.1869509779439467
1.9914519429181756
0.0
0.0
0.0
0.0
1.1280858996062066
6.00047405651698
3.9304535350505736
3.4585921141027365
0.0
4.619855935931202
1.449799371999277
0.0
0.0
9.652434877402245
0.0
1.4728229233174153
3.468317761317914
14.127216461522432
6.888125297945461
8.00946053101011
17.809062803330505
10.511846841633776
3.243217322360715
1.4059939334640505
4.256004935280122
3.038420221471523
9.688464563433238
0.0
7.545383788761362
9.75025377549685
0.0
1.851602521184299
11.893110271617287
6.285596338261262
8.745825313180626
0.0
18.147267081911927
0.0
5.32864224277779
6.784272118894773
27.516060407455225
0.0
0.0
4.966074771185308
0.0
2.087736220588747
3.790498156271684
11.255027612586648
0.0
7.953402190159562
4.576506607182439
8.625240508765756
1.3926787811562256
9.25543577728339
4.736990072140877
0.0
3.007023285196415
12.703318703865365
1.727223799216787
0.0
20.612390921238426
3.2174093287959424
0.0
0.0
27.516060407455225
0.0
100.00000000000004
16.233395773754953
0.0
9.688464563433238
34.66806371753173
0.0
0.0
8.116697886877475
0.0
2.2640585064733343
3.7477767366779213
1.8933783834986289
14.127216461522432
3.005609872072166
0.0
55.03212081491043
0.0
55.03212081491043
0.8959868266635125
5.327252860848768
9.846107951428584
0.0
0.0
4.403337589391919
0.0
20.63365071676191
2.5197593442434796
3.1443446386286733
3.2399023551226187
2.1340743160056204
2.84808685707171
13.113582195262206
0.0
4.787232760116672
0.0
0.0
0.0
2.45924722629539
14.127216461522432
3.141086447719462
8.896962872669691
0.0
4.944450422753883
5.090564127188442
0.0
0.0
0.0
3.6570159134143823
0.0
7.495553473355845
0.0
8.082617985387271
5.905575616757554
0.0
29.84745896009822
2.616269437927649
0.0
3.619628199584926
0.0
26.269098944241588
5.669791110976001
0.0
2.747577956933031
0.0
6.837203339116283
0.0
8.116697886877475
0.0
1.857297366541325
3.031060490822769
0.0
0.0
0.0
5.214900436388889
3.149696072246702
14.127216461522432
5.162108558964409
8.775257144620443
2.9805338429965635
4.300250472313524
14.036046697656985
10.122592925934278
0.0
17.747405280050266
17.747405280050266
27.516060407455225
15.881076016027917
0.0
12.872632311973014
0.0
4.196114906296549
0.0
0.0
0.0
0.0
0.0
18.99589214128981
0.0
0.0
8.745825313180626
7.16047614494885
8.116697886877475
6.870636427700047
0.0
0.0
0.0
23.356898886410015
27.516060407455225
6.770186228657864
0.0
0.0
0.0
0.0
0.0
0.0
0.0
9.287528999566801
0.0
27.516060407455225
0.0
100.00000000000004
0.0
0.0
0.0
0.0
0.0
0.0
0.0
0.0
0.0
0.0
4.300847718252331
0.0
0.0
0.0
0.0
100.00000000000004
0.0
0.0
0.0
0.0
0.0
0.0
0.0
0.0
0.0
0.0
0.0
0.0
100.00000000000004
0.0
49.99999999999999
100.00000000000004
0.0
0.0
49.99999999999999
0.0
0.0
0.0
0.0
0.0
0.0
0.0
0.0
0.0
0.0
0.0
0.0
0.0
0.0
100.00000000000004
0.0
0.0
0.0
0.0
0.0
0.0
100.00000000000004
0.0
100.00000000000004
0.0
0.0
8.116697886877475
0.0
100.00000000000004
24.840753130578644
0.0
34.57207846419409
0.0
15.97357760615681
0.0
0.0
100.00000000000004
0.0
0.0
0.0
6.567274736060395
0.0
0.0
49.99999999999999
0.0
0.0
0.0
0.0
12.22307556087252
9.535414040914192
15.619699684601281
15.97357760615681
5.815868174415823
8.116697886877475
8.116697886877475
0.0
10.682175159905853
14.535768424205482
8.054496384843702
5.0243511979240845
0.0
0.0
0.0
7.092880133000481
8.170609724417774
0.0
100.00000000000004
0.0
49.99999999999999
0.0
0.0
100.00000000000004
0.0
0.0
0.0
0.0
0.0
0.0
0.0
0.0
0.0
27.516060407455225
0.0
7.253154775624655
0.0
7.253154775624655
0.0
0.0
100.00000000000004
0.0
0.0
0.0
0.0
0.0
100.00000000000004
0.0
0.0
0.0
100.00000000000004
0.0
0.0
0.0
0.0
0.0
0.0
0.0
0.0
10.682175159905848
10.682175159905848
0.0
0.0
0.0
0.0
0.0
7.253154775624655
7.253154775624655
0.0
0.0
0.0
8.116697886877475
0.0
0.0
0.0
0.0
0.0
7.495553473355845
0.0
0.0
29.84745896009822
2.616269437927649
0.0
0.0
0.0
0.0
6.837203339116283
0.0
0.0
0.0
14.127216461522432
55.03212081491043
55.03212081491043
0.8959868266635125
9.846107951428584
0.0
0.0
0.0
0.0
0.0
0.0
14.127216461522432
27.516060407455225
100.00000000000004
0.0
34.66806371753173
27.516060407455225
0.0
0.0
0.0
0.0
4.576506607182439
8.625240508765756
0.0
12.703318703865365
20.612390921238426
9.688464563433238
0.0
7.545383788761362
0.0
6.285596338261262
8.745825313180626
0.0
0.0
5.32864224277779
0.0
0.0
14.127216461522432
0.0
0.0
0.0
0.0
4.812070199597896
1.449799371999277
0.0
0.0
14.127216461522432
0.0
10.122592925934278
0.0
17.747405280050266
17.747405280050266
27.516060407455225
15.881076016027917
0.0
12.872632311973014
0.0
4.196114906296549
0.0
0.0
0.0
0.0
0.0
18.99589214128981
0.0
0.0
8.745825313180626
7.16047614494885
8.116697886877475
6.870636427700047
0.0
0.0
0.0
23.356898886410015
27.516060407455225
6.770186228657864
0.0
0.0
0.0
0.0
0.0
0.0
0.0
9.287528999566801
0.0
27.516060407455225
0.0
100.00000000000004
0.0
0.0
0.0
0.0
0.0
0.0
0.0
0.0
0.0
0.0
4.300847718252331
0.0
0.0
0.0
0.0
100.00000000000004
0.0
0.0
0.0
0.0
0.0
0.0
0.0
0.0
0.0
0.0
0.0
0.0
100.00000000000004
0.0
49.99999999999999
100.00000000000004
0.0
0.0
49.99999999999999
0.0
0.0
0.0
0.0
0.0
0.0
0.0
0.0
0.0
0.0
0.0
0.0
0.0
0.0
100.00000000000004
0.0
0.0
0.0
0.0
0.0
0.0
100.00000000000004
0.0
100.00000000000004
0.0
0.0
8.116697886877475
0.0
100.00000000000004
24.840753130578644
0.0
34.57207846419409
0.0
15.97357760615681
0.0
0.0
100.00000000000004
0.0
0.0
0.0
6.567274736060395
0.0
0.0
49.99999999999999
0.0
0.0
0.0
0.0
12.22307556087252
9.535414040914192
15.619699684601281
15.97357760615681
5.815868174415823
8.116697886877475
8.116697886877475
0.0
10.682175159905853
14.535768424205482
8.054496384843702
5.0243511979240845
0.0
0.0
0.0
7.092880133000481
8.170609724417774
0.0
100.00000000000004
35.35533905932737
0.0
49.99999999999999
0.0
0.0
100.00000000000004
0.0
0.0
0.0
0.0
0.0
0.0
0.0
0.0
0.0
27.516060407455225
0.0
7.253154775624655
0.0
7.253154775624655
0.0
0.0
100.00000000000004
0.0
0.0
0.0
0.0
0.0
100.00000000000004
0.0
0.0
0.0
100.00000000000004
0.0
0.0
0.0
0.0
0.0
0.0
0.0
0.0
10.682175159905848
10.682175159905848
0.0
0.0
0.0
0.0
0.0
0.0
8.116697886877475
0.0
0.0
0.0
0.0
0.0
7.495553473355845
0.0
0.0
29.84745896009822
2.616269437927649
0.0
0.0
0.0
0.0
6.837203339116283
0.0
0.0
0.0
14.127216461522432
55.03212081491043
55.03212081491043
0.8959868266635125
9.846107951428584
0.0
0.0
0.0
0.0
0.0
0.0
14.127216461522432
0.0
27.516060407455225
100.00000000000004
0.0
34.66806371753173
27.516060407455225
0.0
0.0
0.0
0.0
4.576506607182439
8.625240508765756
0.0
12.703318703865365
20.612390921238426
9.688464563433238
0.0
7.545383788761362
0.0
6.285596338261262
8.51528917838043
0.0
0.0
5.32864224277779
0.0
0.0
14.127216461522432
0.0
0.0
0.0
0.0
4.812070199597896
1.449799371999277
0.0
0.0
14.127216461522432
0.0
10.122592925934278
0.0
17.747405280050266
17.747405280050266
27.516060407455225
15.881076016027917
0.0
12.872632311973014
0.0
4.196114906296549
0.0
0.0
0.0
0.0
0.0
18.99589214128981
0.0
0.0
8.745825313180626
7.16047614494885
8.116697886877475
6.870636427700047
0.0
0.0
0.0
23.356898886410015
27.516060407455225
6.770186228657864
0.0
0.0
0.0
0.0
0.0
0.0
0.0
9.287528999566801
0.0
27.516060407455225
0.0
100.00000000000004
0.0
0.0
0.0
0.0
0.0
0.0
0.0
0.0
0.0
0.0
4.300847718252331
0.0
0.0
0.0
0.0
100.00000000000004
0.0
0.0
0.0
0.0
0.0
0.0
0.0
0.0
0.0
0.0
0.0
0.0
100.00000000000004
0.0
49.99999999999999
0.0
0.0
49.99999999999999
0.0
0.0
0.0
0.0
0.0
0.0
0.0
0.0
0.0
0.0
0.0
0.0
0.0
0.0
100.00000000000004
0.0
0.0
0.0
0.0
0.0
100.00000000000004
0.0
100.00000000000004
0.0
0.0
8.116697886877475
0.0
100.00000000000004
24.840753130578644
0.0
34.57207846419409
0.0
15.97357760615681
0.0
0.0
100.00000000000004
0.0
0.0
0.0
6.567274736060395
0.0
0.0
49.99999999999999
0.0
0.0
0.0
0.0
12.22307556087252
9.535414040914192
15.619699684601281
15.97357760615681
5.815868174415823
8.116697886877475
8.116697886877475
0.0
10.682175159905853
14.535768424205482
8.054496384843702
5.0243511979240845
0.0
0.0
0.0
0.0
100.00000000000004
35.35533905932737
0.0
49.99999999999999
0.0
0.0
100.00000000000004
0.0
0.0
0.0
0.0
0.0
0.0
0.0
0.0
0.0
27.516060407455225
0.0
7.253154775624655
0.0
7.253154775624655
0.0
0.0
100.00000000000004
0.0
0.0
0.0
0.0
0.0
100.00000000000004
0.0
0.0
0.0
100.00000000000004
0.0
0.0
0.0
0.0
0.0
0.0
0.0
0.0
10.682175159905848
10.682175159905848
0.0
0.0
0.0
0.0
0.0
7.092880133000481
8.170609724417774
0.0
0.0
0.0
8.116697886877475
0.0
1.2272653466789298
4.735536667911913
14.127216461522432
3.267668068737205
3.1869509779439467
1.9914519429181756
0.0
0.0
0.0
0.0
1.1280858996062066
6.00047405651698
3.9304535350505736
3.4585921141027365
0.0
4.619855935931202
1.449799371999277
0.0
0.0
9.652434877402245
0.0
1.4728229233174153
3.468317761317914
14.127216461522432
6.888125297945461
8.00946053101011
17.809062803330505
10.511846841633776
3.243217322360715
1.4059939334640505
4.256004935280122
3.038420221471523
9.688464563433238
0.0
7.545383788761362
9.75025377549685
0.0
1.851602521184299
11.893110271617287
6.285596338261262
8.51528917838043
0.0
18.147267081911927
0.0
5.32864224277779
6.784272118894773
27.516060407455225
0.0
0.0
4.966074771185308
0.0
2.087736220588747
3.790498156271684
11.255027612586648
0.0
7.953402190159562
4.576506607182439
8.625240508765756
1.3926787811562256
9.25543577728339
4.736990072140877
0.0
3.007023285196415
12.703318703865365
1.727223799216787
0.0
20.612390921238426
3.2174093287959424
0.0
0.0
27.516060407455225
0.0
100.00000000000004
16.233395773754953
0.0
9.688464563433238
34.66806371753173
0.0
0.0
8.116697886877475
0.0
2.2640585064733343
3.7477767366779213
1.8933783834986289
14.127216461522432
3.005609872072166
55.03212081491043
0.0
55.03212081491043
0.8959868266635125
5.327252860848768
9.846107951428584
0.0
0.0
4.403337589391919
0.0
20.63365071676191
2.5197593442434796
3.1443446386286733
3.2399023551226187
2.1340743160056204
2.84808685707171
13.113582195262206
0.0
4.787232760116672
0.0
0.0
0.0
2.45924722629539
14.127216461522432
3.141086447719462
8.896962872669691
0.0
4.944450422753883
5.090564127188442
0.0
0.0
0.0
3.6570159134143823
0.0
7.495553473355845
0.0
8.082617985387271
5.905575616757554
0.0
29.84745896009822
2.616269437927649
0.0
3.619628199584926
0.0
26.269098944241588
5.669791110976001
0.0
2.747577956933031
0.0
6.837203339116283
0.0
8.116697886877475
0.0
1.857297366541325
3.031060490822769
0.0
0.0
0.0
0.0
5.214900436388889
3.149696072246702
14.127216461522432
5.162108558964409
8.775257144620443
2.9805338429965635
4.300250472313524
14.036046697656985
10.122592925934278
0.0
0.0
17.747405280050266
17.747405280050266
27.516060407455225
15.881076016027917
0.0
12.872632311973014
0.0
4.196114906296549
0.0
0.0
0.0
0.0
0.0
18.99589214128981
0.0
0.0
8.745825313180626
7.16047614494885
8.116697886877475
6.870636427700047
0.0
0.0
0.0
23.356898886410015
27.516060407455225
6.770186228657864
0.0
0.0
0.0
0.0
0.0
0.0
0.0
9.287528999566801
0.0
27.516060407455225
0.0
100.00000000000004
0.0
0.0
0.0
0.0
0.0
0.0
0.0
0.0
0.0
0.0
4.300847718252331
0.0
0.0
0.0
0.0
100.00000000000004
0.0
0.0
0.0
0.0
0.0
0.0
0.0
0.0
0.0
0.0
0.0
0.0
100.00000000000004
0.0
49.99999999999999
0.0
0.0
49.99999999999999
0.0
0.0
0.0
0.0
0.0
0.0
0.0
0.0
0.0
0.0
0.0
0.0
0.0
0.0
100.00000000000004
0.0
0.0
0.0
0.0
0.0
100.00000000000004
0.0
100.00000000000004
0.0
0.0
8.116697886877475
0.0
100.00000000000004
24.840753130578644
0.0
36.78794411714425
0.0
34.57207846419409
0.0
15.97357760615681
0.0
0.0
100.00000000000004
0.0
0.0
0.0
6.567274736060395
0.0
0.0
49.99999999999999
0.0
0.0
0.0
0.0
12.22307556087252
9.535414040914192
15.619699684601281
15.97357760615681
5.815868174415823
8.116697886877475
8.116697886877475
0.0
10.682175159905853
14.535768424205482
8.054496384843702
5.0243511979240845
0.0
0.0
0.0
0.0
100.00000000000004
35.35533905932737
0.0
49.99999999999999
0.0
0.0
100.00000000000004
0.0
0.0
0.0
0.0
0.0
0.0
0.0
0.0
0.0
27.516060407455225
0.0
7.253154775624655
0.0
7.253154775624655
0.0
0.0
100.00000000000004
0.0
0.0
0.0
0.0
0.0
100.00000000000004
0.0
0.0
0.0
100.00000000000004
0.0
0.0
0.0
0.0
0.0
0.0
0.0
0.0
10.682175159905848
10.682175159905848
0.0
0.0
0.0
0.0
0.0
7.092880133000481
8.170609724417774
10.682175159905848
0.0
0.0
0.0
8.116697886877475
0.0
1.2272653466789298
4.735536667911913
14.127216461522432
3.267668068737205
3.1869509779439467
1.9914519429181756
0.0
0.0
0.0
0.0
1.1280858996062066
6.00047405651698
3.9304535350505736
3.4585921141027365
0.0
4.619855935931202
1.449799371999277
0.0
0.0
9.652434877402245
0.0
1.4728229233174153
3.468317761317914
14.127216461522432
6.888125297945461
8.00946053101011
17.809062803330505
10.511846841633776
3.243217322360715
1.4059939334640505
4.256004935280122
3.038420221471523
9.688464563433238
0.0
7.545383788761362
9.75025377549685
0.0
1.851602521184299
11.893110271617287
6.285596338261262
8.51528917838043
0.0
18.147267081911927
0.0
5.32864224277779
6.784272118894773
27.516060407455225
0.0
0.0
4.966074771185308
0.0
2.087736220588747
3.790498156271684
11.255027612586648
0.0
7.953402190159562
4.576506607182439
8.625240508765756
1.3926787811562256
9.25543577728339
4.736990072140877
0.0
3.007023285196415
12.703318703865365
1.727223799216787
0.0
20.612390921238426
3.2174093287959424
0.0
0.0
27.516060407455225
0.0
100.00000000000004
16.233395773754953
0.0
9.688464563433238
34.66806371753173
0.0
0.0
8.116697886877475
0.0
