8.745825313180626
0.0
2.908317710573757
3.673526562988939
9.083627868206413
10.682175159905848
14.317123154555068
0.0
6.837203339116283
0.0
8.29519350710986
0.0
26.58483576665878
0.0
100.00000000000004
0.0
100.00000000000004
0.0
2.627961710408444
0.0
70.71067811865478
100.00000000000004
0.0
15.97357760615681
0.0
0.0
0.0
17.0653267718276
6.567274736060395
0.0
15.97357760615681
0.0
100.00000000000004
0.0
0.0
0.0
0.0
0.0
15.97357760615681
100.00000000000004
100.00000000000004
0.0
100.00000000000004
100.00000000000004
0.0
100.00000000000004
0.0
100.00000000000004
100.00000000000004
0.0
0.0
15.97357760615681
0.0
0.0
0.0
0.0
0.0
0.0
0.0
0.0
0.0
0.0
0.0
0.0
0.0
15.97357760615681
100.00000000000004
0.0
0.0
0.0
15.97357760615681
15.97357760615681
49.99999999999999
100.00000000000004
15.97357760615681
100.00000000000004
100.00000000000004
0.0
4.990049701936832
0.0
100.00000000000004
17.965205598154213
0.0
3.737437943747671
6.567274736060395
4.767707020457095
0.0
0.0
0.0
0.0
4.456882760699063
15.97357760615681
0.0
0.0
100.00000000000004
0.0
0.0
0.0
100.00000000000004
0.0
0.0
0.0
100.00000000000004
0.0
0.0
0.0
12.35622127262679
17.747405280050266
13.950796967929138
21.3643503198117
4.196114906296549
5.669791110976001
8.116697886877475
4.480836160121357
9.287528999566801
19.37692912686648
12.021577610863728
10.521495173810226
9.652434877402245
0.0
0.0
7.933538683276278
9.980099403873663
0.0
100.00000000000004
0.0
15.97357760615681
0.0
3.7477767366779213
100.00000000000004
0.0
100.00000000000004
0.0
0.0
0.0
0.0
0.0
0.0
0.0
10.682175159905848
0.0
9.980099403873663
0.0
9.980099403873663
0.0
0.0
100.00000000000004
6.567274736060395
0.0
0.0
0.0
0.0
100.00000000000004
100.00000000000004
0.0
6.567274736060395
100.00000000000004
100.00000000000004
0.0
0.0
100.00000000000004
100.00000000000004
0.0
0.0
0.0
55.03212081491043
55.03212081491043
0.0
0.0
0.0
100.00000000000004
100.00000000000004
15.97357760615681
0.0
0.0
0.0
0.0
0.0
0.0
0.0
3.377156414337854
12.35622127262679
0.0
3.066455401840426
100.00000000000004
1.9839114827954984
2.5197593442434796
0.0
0.0
15.619699684601276
15.97357760615681
12.44023474812678
0.0
8.493098745313148
10.682175159905848
12.011055432195764
0.0
0.769226298433097
16.784459625186194
0.0
1.2443969494386207
0.0
5.170905946312008
0.0
5.472048001682428
0.0
5.6641802272004975
0.0
2.4358279717966944
0.0
4.5184619320351755
3.3864985683445354
1.893014891608152
15.97357760615681
1.846033881334319
2.3554200912575514
2.159701133933343
0.0
5.758398440887237
0.0
5.318380993083213
13.912311644176565
0.0
4.5388618272891605
15.919638844359847
2.299610409863684
0.0
3.837066188284345
0.0
5.356850921756574
13.533528323661276
0.0
1.573029858380992
0.0
13.533528323661276
0.0
3.1258171174990226
0.0
3.9835685419089333
5.417833029589825
17.43455776348502
0.0
3.7477767366779213
0.0
9.810705984857055
0.8712873604700475
0.0
7.778341024750468
15.97357760615681
3.5868875266767355
7.4329981845136315
11.188294598960788
0.0
8.745825313180626
0.0
2.908317710573757
3.673526562988939
9.083627868206413
10.682175159905848
14.317123154555068
0.0
6.837203339116283
0.0
8.29519350710986
0.0
26.58483576665878
0.0
100.00000000000004
0.0
100.00000000000004
0.0
2.627961710408444
0.0
70.71067811865478
100.00000000000004
0.0
15.97357760615681
0.0
0.0
0.0
17.0653267718276
6.567274736060395
0.0
15.97357760615681
0.0
100.00000000000004
0.0
0.0
0.0
0.0
0.0
15.97357760615681
100.00000000000004
100.00000000000004
0.0
100.00000000000004
100.00000000000004
0.0
100.00000000000004
0.0
100.00000000000004
100.00000000000004
0.0
0.0
15.97357760615681
0.0
0.0
0.0
0.0
0.0
0.0
0.0
0.0
0.0
0.0
0.0
0.0
0.0
15.97357760615681
100.00000000000004
0.0
0.0
0.0
15.97357760615681
15.97357760615681
49.99999999999999
100.00000000000004
15.97357760615681
100.00000000000004
100.00000000000004
0.0
4.990049701936832
0.0
100.00000000000004
17.965205598154213
0.0
3.737437943747671
6.567274736060395
4.767707020457095
0.0
0.0
0.0
0.0
4.456882760699063
15.97357760615681
0.0
0.0
100.00000000000004
0.0
0.0
0.0
100.00000000000004
0.0
0.0
0.0
100.00000000000004
0.0
0.0
0.0
12.35622127262679
17.747405280050266
13.950796967929138
21.3643503198117
4.196114906296549
5.669791110976001
8.116697886877475
4.480836160121357
9.287528999566801
19.37692912686648
12.021577610863728
10.521495173810226
9.652434877402245
0.0
0.0
7.933538683276278
9.980099403873663
0.0
100.00000000000004
0.0
15.97357760615681
0.0
3.7477767366779213
100.00000000000004
0.0
100.00000000000004
0.0
0.0
0.0
0.0
0.0
0.0
0.0
10.682175159905848
0.0
9.980099403873663
0.0
9.980099403873663
0.0
0.0
100.00000000000004
6.567274736060395
0.0
0.0
0.0
0.0
100.00000000000004
100.00000000000004
0.0
6.567274736060395
100.00000000000004
100.00000000000004
0.0
0.0
100.00000000000004
100.00000000000004
0.0
0.0
0.0
55.03212081491043
55.03212081491043
0.0
0.0
0.0
100.00000000000004
100.00000000000004
15.97357760615681
0.0
0.0
0.0
0.0
0.0
0.0
0.0
3.377156414337854
12.35622127262679
0.0
3.066455401840426
100.00000000000004
1.9839114827954984
2.5197593442434796
0.0
0.0
15.619699684601276
15.97357760615681
12.44023474812678
0.0
8.493098745313148
10.682175159905848
12.011055432195764
0.0
0.769226298433097
16.784459625186194
0.0
1.2443969494386207
0.0
5.170905946312008
0.0
5.472048001682428
0.0
5.6641802272004975
0.0
2.4358279717966944
0.0
4.5184619320351755
3.3864985683445354
1.893014891608152
15.97357760615681
1.846033881334319
2.3554200912575514
2.159701133933343
0.0
5.758398440887237
0.0
5.318380993083213
13.912311644176565
0.0
4.5388618272891605
15.919638844359847
2.299610409863684
0.0
3.837066188284345
0.0
5.356850921756574
13.533528323661276
0.0
1.573029858380992
0.0
13.533528323661276
0.0
3.1258171174990226
0.0
3.9835685419089333
5.417833029589825
17.43455776348502
0.0
3.7477767366779213
0.0
9.810705984857055
0.8712873604700475
0.0
7.778341024750468
15.97357760615681
3.5868875266767355
7.4329981845136315
11.188294598960788
0.0
8.745825313180626
0.0
0.0
9.083627868206413
9.083627868206413
10.682175159905848
14.317123154555068
0.0
8.29519350710986
0.0
6.837203339116283
0.0
9.980099403873663
0.0
9.980099403873663
0.0
7.809849842300637
0.0
10.682175159905848
3.673526562988939
3.673526562988939
5.522397783539471
5.522397783539471
0.0
5.679677445135579
6.567274736060395
20.164945583740657
4.767707020457095
3.673526562988939
0.0
10.682175159905848
0.0
10.682175159905848
0.0
8.116697886877475
0.0
26.58483576665878
0.0
100.00000000000004
0.0
100.00000000000004
0.0
2.627961710408444
0.0
70.71067811865478
100.00000000000004
0.0
15.97357760615681
0.0
0.0
0.0
17.0653267718276
6.567274736060395
0.0
15.97357760615681
0.0
100.00000000000004
0.0
0.0
0.0
0.0
0.0
15.97357760615681
100.00000000000004
100.00000000000004
0.0
100.00000000000004
100.00000000000004
0.0
100.00000000000004
0.0
100.00000000000004
0.0
0.0
15.97357760615681
0.0
0.0
0.0
0.0
0.0
0.0
0.0
0.0
0.0
0.0
0.0
0.0
0.0
15.97357760615681
100.00000000000004
0.0
0.0
15.97357760615681
15.97357760615681
49.99999999999999
100.00000000000004
15.97357760615681
100.00000000000004
100.00000000000004
0.0
4.990049701936832
0.0
100.00000000000004
17.965205598154213
0.0
100.00000000000004
0.0
3.737437943747671
6.567274736060395
4.767707020457095
0.0
0.0
100.00000000000004
0.0
0.0
0.0
100.00000000000004
0.0
0.0
0.0
100.00000000000004
0.0
0.0
0.0
12.35622127262679
17.747405280050266
13.950796967929138
21.3643503198117
4.196114906296549
5.669791110976001
8.116697886877475
6.2931739244581335
9.287528999566801
19.37692912686648
12.021577610863728
10.521495173810226
9.652434877402245
0.0
0.0
0.0
100.00000000000004
59.460355750136046
0.0
15.97357760615681
0.0
3.7477767366779213
100.00000000000004
0.0
100.00000000000004
0.0
0.0
0.0
0.0
0.0
0.0
0.0
10.682175159905848
0.0
9.980099403873663
0.0
9.980099403873663
0.0
0.0
100.00000000000004
6.567274736060395
0.0
0.0
0.0
0.0
100.00000000000004
100.00000000000004
0.0
6.567274736060395
100.00000000000004
100.00000000000004
0.0
0.0
100.00000000000004
100.00000000000004
0.0
0.0
0.0
55.03212081491043
55.03212081491043
0.0
0.0
0.0
100.00000000000004
100.00000000000004
7.933538683276278
9.980099403873663
55.03212081491043
0.0
6.567274736060395
0.0
11.044795567078939
0.0
3.7735645292725852
8.836253224894948
6.567274736060395
2.647648192533579
9.558080671243092
3.159145740226967
0.0
0.0
5.816635421147513
0.0
1.4540899968285357
3.259631698411772
14.7290208343427
9.238430210261097
2.2869567780619007
2.837045175138426
1.7289992586096394
0.0
0.0
3.7477767366779213
0.0
3.007943980546828
4.141141330484801
6.567274736060395
8.9682352483466
6.950845486056884
21.26294696713847
4.34373789135831
11.136797598750825
3.1851083629801575
4.259810032488452
9.13124680674188
4.196114906296549
0.0
12.35622127262679
13.262418639891406
0.0
2.4748635254040403
14.41067013260561
4.814971807094068
5.669791110976001
5.816635421147515
10.258284100494246
0.0
4.1202784939919095
2.3554429934888765
10.682175159905848
3.3864985683445354
5.522397783539471
4.295119260690565
7.495553473355842
3.551851328486764
2.840992425313402
2.9171735901692597
6.567274736060395
5.113818794967397
6.495032985064742
16.76784955078518
5.556031957013911
5.683911273975474
3.652945772536268
6.567274736060395
2.6807288244464456
7.809849842300637
7.955891555490761
6.567274736060395
20.164945583740657
4.970745472800839
0.0
0.0
10.682175159905848
4.767707020457095
100.00000000000004
14.535768424205482
0.0
7.267884212102741
34.66806371753173
0.0
0.0
5.522397783539471
0.0
5.542154840127168
9.287528999566801
2.1265246285578905
6.567274736060395
7.262570780347229
0.0
21.3643503198117
0.0
21.3643503198117
6.661693499030343
3.8375522357585683
4.668049023095242
0.0
0.0
3.686157786230468
0.0
15.878174295086993
3.1568618107860202
4.334264033674369
2.042946039568498
1.4104555382959003
6.384875295507791
10.04346829759523
10.682175159905848
2.449402968546444
0.0
8.116697886877475
0.0
4.72918103407356
6.567274736060395
6.862573731681513
3.4516983343392114
6.772997136689072
6.560219424574105
2.6711961764401657
0.0
0.0
0.0
3.1568618107860202
0.0
4.6398855339878
0.0
6.2949635375849695
7.229703035677074
0.0
23.462350320528007
2.559082301052818
0.0
4.390012995413703
0.0
13.445273575332964
12.35622127262679
0.0
2.558056031202496
0.0
12.673718536830808
0.0
5.522397783539471
0.0
3.745155045056098
2.126470998882073
0.0
4.767707020457095
0.0
3.8856620103720525
4.34373789135831
5.522397783539471
8.449225071818711
7.693830154594352
4.776020403411885
16.608390716251986
26.67974931062192
8.745825313180626
0.0
9.083627868206413
9.083627868206413
10.682175159905848
14.317123154555068
0.0
8.29519350710986
0.0
6.837203339116283
0.0
9.980099403873663
0.0
9.980099403873663
0.0
7.809849842300637
0.0
10.682175159905848
3.673526562988939
3.673526562988939
5.522397783539471
5.522397783539471
0.0
5.679677445135579
6.567274736060395
20.164945583740657
4.767707020457095
3.673526562988939
0.0
10.682175159905848
0.0
10.682175159905848
0.0
8.116697886877475
0.0
26.58483576665878
0.0
100.00000000000004
0.0
100.00000000000004
0.0
2.627961710408444
0.0
70.71067811865478
100.00000000000004
0.0
15.97357760615681
0.0
0.0
0.0
17.0653267718276
6.567274736060395
0.0
15.97357760615681
0.0
100.00000000000004
0.0
0.0
0.0
0.0
0.0
15.97357760615681
100.00000000000004
100.00000000000004
0.0
100.00000000000004
100.00000000000004
0.0
100.00000000000004
0.0
100.00000000000004
100.00000000000004
0.0
0.0
15.97357760615681
0.0
0.0
0.0
0.0
0.0
0.0
0.0
0.0
0.0
0.0
0.0
0.0
0.0
15.97357760615681
100.00000000000004
0.0
0.0
0.0
15.97357760615681
15.97357760615681
49.99999999999999
100.00000000000004
15.97357760615681
100.00000000000004
100.00000000000004
0.0
4.990049701936832
0.0
100.00000000000004
17.965205598154213
0.0
3.737437943747671
6.567274736060395
4.767707020457095
0.0
0.0
100.00000000000004
0.0
0.0
0.0
100.00000000000004
0.0
0.0
0.0
100.00000000000004
0.0
0.0
0.0
12.35622127262679
17.747405280050266
13.950796967929138
21.3643503198117
4.196114906296549
5.669791110976001
8.116697886877475
6.2931739244581335
9.287528999566801
19.37692912686648
12.021577610863728
10.521495173810226
9.652434877402245
0.0
0.0
7.933538683276278
9.980099403873663
0.0
100.00000000000004
0.0
15.97357760615681
0.0
3.7477767366779213
100.00000000000004
0.0
100.00000000000004
0.0
0.0
0.0
0.0
0.0
0.0
0.0
10.682175159905848
0.0
9.980099403873663
0.0
9.980099403873663
0.0
0.0
100.00000000000004
6.567274736060395
0.0
0.0
0.0
0.0
100.00000000000004
100.00000000000004
0.0
6.567274736060395
100.00000000000004
100.00000000000004
0.0
0.0
100.00000000000004
100.00000000000004
0.0
0.0
0.0
55.03212081491043
55.03212081491043
0.0
0.0
0.0
100.00000000000004
100.00000000000004
5.669791110976001
5.669791110976001
0.0
0.0
0.0
5.522397783539471
0.0
0.0
0.0
0.0
0.0
4.6398855339878
0.0
0.0
23.462350320528007
2.559082301052818
0.0
0.0
0.0
0.0
12.673718536830808
0.0
8.116697886877475
0.0
6.567274736060395
21.3643503198117
21.3643503198117
6.661693499030343
4.514788618484021
0.0
0.0
0.0
10.682175159905848
0.0
0.0
6.567274736060395
10.682175159905848
100.00000000000004
0.0
34.66806371753173
10.682175159905848
3.3864985683445354
5.522397783539471
7.495553473355842
6.567274736060395
6.495032985064742
16.76784955078518
6.567274736060395
7.809849842300637
20.164945583740657
4.196114906296549
0.0
12.35622127262679
0.0
4.814971807094068
5.669791110976001
5.816635421147515
0.0
4.1202784939919095
0.0
0.0
6.567274736060395
0.0
7.495553473355845
0.0
2.2869567780619007
2.837045175138426
1.7289992586096394
0.0
0.0
6.567274736060395
0.0
8.745825313180626
0.0
9.083627868206413
9.083627868206413
10.682175159905848
14.317123154555068
0.0
8.29519350710986
0.0
6.837203339116283
0.0
9.980099403873663
0.0
9.980099403873663
0.0
7.809849842300637
0.0
10.682175159905848
3.673526562988939
3.673526562988939
5.522397783539471
5.522397783539471
0.0
5.679677445135579
6.567274736060395
20.164945583740657
4.767707020457095
3.673526562988939
0.0
10.682175159905848
0.0
10.682175159905848
0.0
8.116697886877475
0.0
26.58483576665878
0.0
100.00000000000004
0.0
100.00000000000004
0.0
2.627961710408444
0.0
70.71067811865478
100.00000000000004
0.0
15.97357760615681
0.0
0.0
0.0
17.0653267718276
6.567274736060395
0.0
15.97357760615681
0.0
100.00000000000004
0.0
0.0
0.0
0.0
0.0
15.97357760615681
100.00000000000004
100.00000000000004
0.0
100.00000000000004
100.00000000000004
0.0
100.00000000000004
0.0
100.00000000000004
100.00000000000004
0.0
0.0
15.97357760615681
0.0
0.0
0.0
0.0
0.0
0.0
0.0
0.0
0.0
0.0
0.0
0.0
0.0
15.97357760615681
100.00000000000004
0.0
0.0
0.0
15.97357760615681
15.97357760615681
49.99999999999999
100.00000000000004
15.97357760615681
100.00000000000004
100.00000000000004
0.0
4.990049701936832
0.0
100.00000000000004
17.965205598154213
0.0
3.737437943747671
6.567274736060395
4.767707020457095
0.0
0.0
100.00000000000004
0.0
0.0
0.0
100.00000000000004
0.0
0.0
0.0
100.00000000000004
0.0
0.0
0.0
12.35622127262679
17.747405280050266
13.950796967929138
21.3643503198117
4.196114906296549
5.669791110976001
8.116697886877475
6.2931739244581335
9.287528999566801
19.37692912686648
12.021577610863728
10.521495173810226
9.652434877402245
0.0
0.0
7.933538683276278
9.980099403873663
0.0
100.00000000000004
59.460355750136046
0.0
15.97357760615681
0.0
3.7477767366779213
100.00000000000004
0.0
100.00000000000004
0.0
0.0
0.0
0.0
0.0
0.0
0.0
10.682175159905848
0.0
9.980099403873663
0.0
9.980099403873663
0.0
0.0
100.00000000000004
6.567274736060395
0.0
0.0
0.0
0.0
100.00000000000004
100.00000000000004
0.0
6.567274736060395
100.00000000000004
100.00000000000004
0.0
0.0
100.00000000000004
100.00000000000004
0.0
0.0
0.0
55.03212081491043
55.03212081491043
0.0
0.0
0.0
100.00000000000004
100.00000000000004
0.0
5.522397783539471
0.0
0.0
0.0
0.0
0.0
4.6398855339878
0.0
0.0
23.462350320528007
2.559082301052818
0.0
0.0
0.0
0.0
12.673718536830808
0.0
8.116697886877475
0.0
6.567274736060395
21.3643503198117
21.3643503198117
6.661693499030343
4.514788618484021
0.0
0.0
0.0
10.682175159905848
0.0
0.0
6.567274736060395
0.0
10.682175159905848
100.00000000000004
0.0
34.66806371753173
10.682175159905848
3.3864985683445354
5.522397783539471
7.495553473355842
6.567274736060395
6.495032985064742
16.76784955078518
6.567274736060395
7.809849842300637
20.164945583740657
4.196114906296549
0.0
12.35622127262679
0.0
4.814971807094068
3.1251907639724417
5.816635421147515
0.0
4.1202784939919095
0.0
0.0
6.567274736060395
0.0
7.495553473355845
0.0
2.2869567780619007
2.837045175138426
1.7289992586096394
0.0
0.0
6.567274736060395
0.0
8.745825313180626
0.0
9.083627868206413
9.083627868206413
10.682175159905848
14.317123154555068
0.0
8.29519350710986
0.0
6.837203339116283
0.0
9.980099403873663
0.0
9.980099403873663
0.0
7.809849842300637
0.0
10.682175159905848
3.673526562988939
3.673526562988939
5.522397783539471
5.522397783539471
0.0
5.679677445135579
6.567274736060395
20.164945583740657
4.767707020457095
3.673526562988939
0.0
10.682175159905848
0.0
10.682175159905848
0.0
8.116697886877475
0.0
26.58483576665878
0.0
100.00000000000004
0.0
100.00000000000004
0.0
2.627961710408444
0.0
70.71067811865478
100.00000000000004
0.0
15.97357760615681
0.0
0.0
0.0
17.0653267718276
6.567274736060395
0.0
15.97357760615681
0.0
100.00000000000004
0.0
0.0
0.0
0.0
0.0
15.97357760615681
100.00000000000004
100.00000000000004
0.0
100.00000000000004
100.00000000000004
0.0
100.00000000000004
0.0
100.00000000000004
0.0
0.0
15.97357760615681
0.0
0.0
0.0
0.0
0.0
0.0
0.0
0.0
0.0
0.0
0.0
0.0
0.0
15.97357760615681
100.00000000000004
0.0
0.0
15.97357760615681
15.97357760615681
49.99999999999999
100.00000000000004
15.97357760615681
100.00000000000004
100.00000000000004
0.0
4.990049701936832
0.0
100.00000000000004
17.965205598154213
0.0
3.737437943747671
6.567274736060395
4.767707020457095
0.0
0.0
100.00000000000004
0.0
0.0
0.0
100.00000000000004
0.0
0.0
0.0
100.00000000000004
0.0
0.0
0.0
12.35622127262679
17.747405280050266
13.950796967929138
21.3643503198117
4.196114906296549
5.669791110976001
8.116697886877475
6.2931739244581335
9.287528999566801
19.37692912686648
12.021577610863728
10.521495173810226
9.652434877402245
0.0
0.0
0.0
100.00000000000004
59.460355750136046
0.0
15.97357760615681
0.0
3.7477767366779213
100.00000000000004
0.0
100.00000000000004
0.0
0.0
0.0
0.0
0.0
0.0
0.0
10.682175159905848
0.0
9.980099403873663
0.0
9.980099403873663
0.0
0.0
100.00000000000004
6.567274736060395
0.0
0.0
0.0
0.0
100.00000000000004
100.00000000000004
0.0
6.567274736060395
100.00000000000004
100.00000000000004
0.0
0.0
100.00000000000004
100.00000000000004
0.0
0.0
0.0
55.03212081491043
55.03212081491043
0.0
0.0
0.0
100.00000000000004
100.00000000000004
7.933538683276278
9.980099403873663
0.0
6.567274736060395
0.0
11.044795567078939
0.0
3.7735645292725852
8.836253224894948
6.567274736060395
2.647648192533579
9.558080671243092
3.159145740226967
0.0
0.0
5.816635421147513
0.0
1.4540899968285357
3.259631698411772
14.7290208343427
9.238430210261097
2.2869567780619007
2.837045175138426
1.7289992586096394
0.0
0.0
3.7477767366779213
0.0
3.007943980546828
4.141141330484801
6.567274736060395
8.9682352483466
6.950845486056884
21.26294696713847
4.34373789135831
11.136797598750825
3.1851083629801575
4.259810032488452
9.13124680674188
4.196114906296549
0.0
12.35622127262679
13.262418639891406
0.0
2.4748635254040403
14.41067013260561
4.814971807094068
3.1251907639724417
5.816635421147515
10.258284100494246
0.0
4.1202784939919095
2.3554429934888765
10.682175159905848
3.3864985683445354
5.522397783539471
4.295119260690565
7.495553473355842
3.551851328486764
2.840992425313402
2.9171735901692597
6.567274736060395
5.113818794967397
6.495032985064742
16.76784955078518
5.556031957013911
5.683911273975474
3.652945772536268
6.567274736060395
2.6807288244464456
7.809849842300637
7.955891555490761
6.567274736060395
20.164945583740657
4.970745472800839
0.0
0.0
10.682175159905848
4.767707020457095
100.00000000000004
14.535768424205482
0.0
7.267884212102741
34.66806371753173
0.0
0.0
5.522397783539471
0.0
5.542154840127168
9.287528999566801
2.1265246285578905
6.567274736060395
7.262570780347229
21.3643503198117
0.0
21.3643503198117
6.661693499030343
3.8375522357585683
4.514788618484021
0.0
0.0
3.686157786230468
0.0
15.878174295086993
3.1568618107860202
4.334264033674369
2.042946039568498
1.4104555382959003
6.384875295507791
10.04346829759523
10.682175159905848
2.449402968546444
0.0
8.116697886877475
0.0
4.72918103407356
6.567274736060395
6.862573731681513
3.4516983343392114
6.772997136689072
6.560219424574105
2.6711961764401657
0.0
0.0
0.0
3.1568618107860202
0.0
4.6398855339878
0.0
6.2949635375849695
7.229703035677074
0.0
23.462350320528007
2.559082301052818
0.0
4.390012995413703
0.0
13.445273575332964
12.35622127262679
0.0
2.558056031202496
0.0
12.673718536830808
0.0
5.522397783539471
0.0
3.745155045056098
2.126470998882073
0.0
0.0
4.767707020457095
0.0
3.8856620103720525
4.34373789135831
5.522397783539471
8.449225071818711
7.693830154594352
4.776020403411885
16.608390716251986
26.67974931062192
8.745825313180626
0.0
0.0
9.083627868206413
9.083627868206413
10.682175159905848
14.317123154555068
0.0
8.29519350710986
0.0
6.837203339116283
0.0
9.980099403873663
0.0
9.980099403873663
0.0
7.809849842300637
0.0
10.682175159905848
3.673526562988939
3.673526562988939
5.522397783539471
5.522397783539471
0.0
5.679677445135579
6.567274736060395
20.164945583740657
4.767707020457095
3.673526562988939
0.0
10.682175159905848
0.0
10.682175159905848
0.0
8.116697886877475
0.0
26.58483576665878
0.0
100.00000000000004
0.0
100.00000000000004
0.0
2.627961710408444
0.0
70.71067811865478
100.00000000000004
0.0
15.97357760615681
0.0
0.0
0.0
17.0653267718276
6.567274736060395
0.0
15.97357760615681
0.0
100.00000000000004
0.0
0.0
0.0
0.0
0.0
15.97357760615681
100.00000000000004
100.00000000000004
0.0
100.00000000000004
100.00000000000004
0.0
100.00000000000004
0.0
100.00000000000004
0.0
0.0
15.97357760615681
0.0
0.0
0.0
0.0
0.0
0.0
0.0
0.0
0.0
0.0
0.0
0.0
0.0
15.97357760615681
100.00000000000004
0.0
0.0
15.97357760615681
15.97357760615681
49.99999999999999
100.00000000000004
15.97357760615681
100.00000000000004
100.00000000000004
0.0
4.990049701936832
0.0
100.00000000000004
17.965205598154213
0.0
100.00000000000004
0.0
3.737437943747671
6.567274736060395
4.767707020457095
0.0
0.0
100.00000000000004
0.0
0.0
0.0
100.00000000000004
0.0
0.0
0.0
100.00000000000004
0.0
0.0
0.0
12.35622127262679
17.747405280050266
13.950796967929138
21.3643503198117
4.196114906296549
5.669791110976001
8.116697886877475
6.2931739244581335
9.287528999566801
19.37692912686648
12.021577610863728
10.521495173810226
9.652434877402245
0.0
0.0
0.0
100.00000000000004
59.460355750136046
0.0
15.97357760615681
0.0
3.7477767366779213
100.00000000000004
0.0
100.00000000000004
0.0
0.0
0.0
0.0
0.0
0.0
0.0
10.682175159905848
0.0
9.980099403873663
0.0
9.980099403873663
0.0
0.0
100.00000000000004
6.567274736060395
0.0
0.0
0.0
0.0
100.00000000000004
100.00000000000004
0.0
6.567274736060395
100.00000000000004
100.00000000000004
0.0
0.0
100.00000000000004
100.00000000000004
0.0
0.0
0.0
55.03212081491043
55.03212081491043
0.0
0.0
0.0
100.00000000000004
100.00000000000004
7.933538683276278
9.980099403873663
55.03212081491043
0.0
6.567274736060395
0.0
11.044795567078939
0.0
3.7735645292725852
8.836253224894948
6.567274736060395
2.647648192533579
9.558080671243092
3.159145740226967
0.0
0.0
5.816635421147513
0.0
1.4540899968285357
3.259631698411772
14.7290208343427
9.238430210261097
2.2869567780619007
2.837045175138426
1.7289992586096394
0.0
0.0
3.7477767366779213
0.0
3.007943980546828
4.141141330484801
6.567274736060395
8.9682352483466
6.950845486056884
21.26294696713847
4.34373789135831
11.136797598750825
3.1851083629801575
4.259810032488452
9.13124680674188
4.196114906296549
0.0
12.35622127262679
13.262418639891406
0.0
2.4748635254040403
14.41067013260561
4.814971807094068
3.1251907639724417
5.816635421147515
10.258284100494246
0.0
4.1202784939919095
2.3554429934888765
10.682175159905848
3.3864985683445354
5.522397783539471
4.295119260690565
7.495553473355842
3.551851328486764
2.840992425313402
2.9171735901692597
6.567274736060395
5.113818794967397
6.495032985064742
16.76784955078518
5.556031957013911
5.683911273975474
3.652945772536268
6.567274736060395
2.6807288244464456
7.809849842300637
7.955891555490761
6.567274736060395
20.164945583740657
4.970745472800839
0.0
0.0
10.682175159905848
4.767707020457095
100.00000000000004
14.535768424205482
0.0
7.267884212102741
34.66806371753173
0.0
0.0
5.522397783539471
0.0
