5.522397783539471
0.0
6.770186228657864
6.916271812933183
22.31618068926665
27.516060407455225
23.462350320528007
0.0
12.872632311973014
0.0
13.540372457315733
0.0
9.287528999566801
0.0
27.516060407455225
0.0
100.00000000000004
0.0
0.0
0.0
36.78794411714425
0.0
0.0
0.0
0.0
0.0
0.0
17.20339087300932
0.0
0.0
0.0
0.0
100.00000000000004
0.0
0.0
100.00000000000004
0.0
0.0
0.0
0.0
0.0
0.0
0.0
0.0
0.0
100.00000000000004
0.0
100.00000000000004
100.00000000000004
0.0
0.0
49.99999999999999
0.0
49.99999999999999
0.0
0.0
0.0
0.0
0.0
0.0
0.0
0.0
0.0
0.0
0.0
49.99999999999999
100.00000000000004
0.0
0.0
0.0
0.0
0.0
49.99999999999999
100.00000000000004
0.0
100.00000000000004
0.0
0.0
8.116697886877475
0.0
100.00000000000004
26.013004751144457
0.0
4.456882760699063
0.0
0.0
0.0
0.0
0.0
0.0
11.521590992286539
0.0
0.0
0.0
49.99999999999999
0.0
0.0
0.0
27.516060407455225
0.0
0.0
49.99999999999999
0.0
0.0
0.0
0.0
15.207218222740094
24.880469496253564
17.747405280050266
0.0
5.815868174415823
10.682175159905848
0.0
3.0890553181566975
15.619699684601281
13.134549472120788
4.9323515694897075
9.030367376343264
0.0
0.0
0.0
13.073136666138005
0.24787521766663595
0.0
100.00000000000004
0.0
49.99999999999999
0.0
0.0
100.00000000000004
0.0
0.0
0.0
0.0
0.0
0.0
0.0
0.0
0.0
27.516060407455225
0.0
4.104249931194939
0.0
4.104249931194939
0.0
4.196114906296549
0.0
0.0
0.0
0.0
0.0
0.0
100.00000000000004
0.0
0.0
0.0
100.00000000000004
0.0
0.0
0.0
0.0
0.0
0.0
0.0
0.0
15.97357760615681
15.97357760615681
0.0
0.0
0.0
0.0
0.0
49.99999999999999
0.0
0.0
0.0
0.0
0.0
0.0
0.0
7.809849842300637
16.784459625186194
0.0
4.582926237371264
100.00000000000004
2.5590708231556567
4.8734989388136185
0.0
0.0
9.287528999566801
49.99999999999999
11.15650800742149
0.0
5.10809933294318
10.682175159905848
22.416933501922287
0.0
1.758008810234855
22.089591134157878
0.0
2.252278368576829
0.0
3.9310911656725667
0.0
5.335343825807726
0.0
3.4857116957065437
0.0
2.5429405812551855
0.0
2.792196670451787
7.16047614494885
5.353294833405042
27.516060407455225
3.437307459615849
3.1528588518789173
3.7052472057637615
0.0
6.024281121078143
0.0
3.259631698411772
13.398014283383116
0.0
8.77491027594595
19.57196409280758
3.994369946842586
0.0
2.951470298026533
0.0
5.0912128230977505
4.767707020457095
0.0
2.3558739152091492
0.0
4.767707020457095
0.0
2.6449275365764713
0.0
5.33156765823197
8.85506207105372
8.487049325871851
0.0
5.854497694024015
0.0
8.563512331995007
2.273409924563313
0.0
2.2236122171553814
0.0
2.2731543567022867
10.380235015651325
6.836931703536832
0.0
5.522397783539471
0.0
6.770186228657864
6.916271812933183
22.31618068926665
27.516060407455225
23.462350320528007
0.0
12.872632311973014
0.0
13.540372457315733
0.0
9.287528999566801
0.0
27.516060407455225
0.0
100.00000000000004
0.0
0.0
0.0
36.78794411714425
0.0
0.0
0.0
0.0
0.0
0.0
17.20339087300932
0.0
0.0
0.0
0.0
100.00000000000004
0.0
0.0
100.00000000000004
0.0
0.0
0.0
0.0
0.0
0.0
0.0
0.0
0.0
100.00000000000004
0.0
100.00000000000004
100.00000000000004
0.0
0.0
49.99999999999999
0.0
49.99999999999999
0.0
0.0
0.0
0.0
0.0
0.0
0.0
0.0
0.0
0.0
0.0
49.99999999999999
100.00000000000004
0.0
0.0
0.0
0.0
0.0
49.99999999999999
100.00000000000004
0.0
100.00000000000004
0.0
0.0
8.116697886877475
0.0
100.00000000000004
26.013004751144457
0.0
4.456882760699063
0.0
0.0
0.0
0.0
0.0
0.0
11.521590992286539
0.0
0.0
0.0
49.99999999999999
0.0
0.0
0.0
27.516060407455225
0.0
0.0
49.99999999999999
0.0
0.0
0.0
0.0
15.207218222740094
24.880469496253564
17.747405280050266
0.0
5.815868174415823
10.682175159905848
0.0
3.0890553181566975
15.619699684601281
13.134549472120788
4.9323515694897075
9.030367376343264
0.0
0.0
0.0
13.073136666138005
0.24787521766663595
0.0
100.00000000000004
0.0
49.99999999999999
0.0
0.0
100.00000000000004
0.0
0.0
0.0
0.0
0.0
0.0
0.0
0.0
0.0
27.516060407455225
0.0
4.104249931194939
0.0
4.104249931194939
0.0
4.196114906296549
0.0
0.0
0.0
0.0
0.0
0.0
100.00000000000004
0.0
0.0
0.0
100.00000000000004
0.0
0.0
0.0
0.0
0.0
0.0
0.0
0.0
15.97357760615681
15.97357760615681
0.0
0.0
0.0
0.0
0.0
49.99999999999999
0.0
0.0
0.0
0.0
0.0
0.0
0.0
7.809849842300637
16.784459625186194
0.0
4.582926237371264
100.00000000000004
2.5590708231556567
4.8734989388136185
0.0
0.0
9.287528999566801
49.99999999999999
11.15650800742149
0.0
5.10809933294318
10.682175159905848
22.416933501922287
0.0
1.758008810234855
22.089591134157878
0.0
2.252278368576829
0.0
3.9310911656725667
0.0
5.335343825807726
0.0
3.4857116957065437
0.0
2.5429405812551855
0.0
2.792196670451787
7.16047614494885
5.353294833405042
27.516060407455225
3.437307459615849
3.1528588518789173
3.7052472057637615
0.0
6.024281121078143
0.0
3.259631698411772
13.398014283383116
0.0
8.77491027594595
19.57196409280758
3.994369946842586
0.0
2.951470298026533
0.0
5.0912128230977505
4.767707020457095
0.0
2.3558739152091492
0.0
4.767707020457095
0.0
2.6449275365764713
0.0
5.33156765823197
8.85506207105372
8.487049325871851
0.0
5.854497694024015
0.0
8.563512331995007
2.273409924563313
0.0
2.2236122171553814
0.0
2.2731543567022867
10.380235015651325
6.836931703536832
0.0
5.522397783539471
0.0
0.0
22.31618068926665
22.31618068926665
27.516060407455225
23.462350320528007
0.0
13.540372457315733
0.0
12.872632311973014
0.0
4.456882760699063
0.0
4.456882760699063
0.0
12.703318703865365
0.0
0.0
9.652434877402245
8.170609724417774
11.521590992286539
8.9730240870212
0.0
10.122592925934278
0.0
27.890014303843827
15.97357760615681
6.916271812933183
0.0
0.0
0.0
0.0
0.0
0.0
0.0
9.287528999566801
0.0
27.516060407455225
0.0
100.00000000000004
0.0
0.0
0.0
36.78794411714425
0.0
0.0
0.0
0.0
0.0
0.0
17.20339087300932
0.0
0.0
0.0
0.0
100.00000000000004
0.0
0.0
0.0
100.00000000000004
0.0
0.0
0.0
0.0
0.0
0.0
0.0
0.0
100.00000000000004
0.0
100.00000000000004
0.0
0.0
49.99999999999999
0.0
49.99999999999999
0.0
0.0
0.0
0.0
0.0
0.0
0.0
0.0
0.0
0.0
0.0
49.99999999999999
100.00000000000004
0.0
0.0
0.0
0.0
49.99999999999999
100.00000000000004
0.0
100.00000000000004
0.0
0.0
8.116697886877475
0.0
100.00000000000004
26.013004751144457
0.0
49.99999999999999
0.0
4.456882760699063
0.0
0.0
0.0
0.0
49.99999999999999
0.0
0.0
0.0
27.516060407455225
0.0
0.0
49.99999999999999
0.0
0.0
0.0
0.0
15.207218222740094
24.880469496253564
17.747405280050266
0.0
5.815868174415823
10.682175159905848
0.0
5.816635421147513
15.619699684601281
13.134549472120788
4.9323515694897075
9.030367376343264
0.0
0.0
0.0
0.0
100.00000000000004
39.43223765116288
0.0
49.99999999999999
0.0
0.0
100.00000000000004
0.0
0.0
0.0
0.0
0.0
0.0
0.0
0.0
0.0
27.516060407455225
0.0
4.104249931194939
0.0
4.104249931194939
0.0
4.196114906296549
0.0
0.0
0.0
0.0
0.0
0.0
100.00000000000004
0.0
0.0
0.0
100.00000000000004
0.0
0.0
0.0
0.0
0.0
0.0
0.0
0.0
15.97357760615681
15.97357760615681
0.0
0.0
0.0
0.0
0.0
13.073136666138005
0.24787521766663595
15.97357760615681
0.0
30.326532985631665
0.0
13.134549472120788
0.0
3.333744983027298
2.2731543567022867
8.116697886877475
3.236535997754842
4.348196273867884
1.5393730252811677
0.0
0.0
0.0
0.0
1.5397066946965314
4.344109103419242
3.9878409618619135
7.431878014503621
0.0
2.380649473058063
2.4139107472368146
0.0
0.0
9.652434877402245
0.0
1.4443145961599866
3.0372940354383413
8.116697886877475
6.384875295507791
4.395495058467212
9.945041368991502
2.8265205879007453
7.087999271334171
2.6464845949013793
4.195987418785955
3.260398878404363
9.688464563433238
0.0
15.619699684601281
11.084119214562044
0.0
2.087936282709597
22.325877055095226
6.285596338261262
6.7667641618306344
0.0
6.900655593423541
0.0
2.8423265381137037
4.87732444430659
27.516060407455225
8.745825313180626
0.0
5.065452582938215
7.16047614494885
10.401577613691954
3.4251017286865153
8.562365224473284
0.0
2.060187754521775
6.316906128202129
8.562365224473284
2.7710334190975354
10.01682049501132
4.704451129067909
0.0
3.008633591114833
12.703318703865365
3.1221929756173616
0.0
10.923299908191149
7.635362674858095
0.0
0.0
27.516060407455225
0.0
100.00000000000004
13.134549472120788
0.0
10.400597689005304
34.66806371753173
0.0
0.0
9.652434877402245
0.0
2.2477113730592935
12.872632311973014
2.327130115554371
8.116697886877475
6.448120482365348
0.0
31.947155212313625
10.682175159905848
31.947155212313625
2.148833794106714
4.213502313618772
4.303846266589083
0.0
0.0
2.8807097550328042
0.0
16.210476195714545
2.4347130516557893
3.1364240458810366
2.426532257432171
0.0
2.5197593442434796
4.33173054551354
15.97357760615681
0.334448584365849
0.0
8.116697886877475
0.0
4.701058251716988
8.116697886877475
3.7378514686989144
5.684653076227407
11.725004053101795
5.600607423889073
5.090564127188442
0.0
0.0
0.0
5.039518688486958
0.0
10.511846841633776
0.0
10.10280967315114
3.551851328486764
0.0
16.784459625186194
4.303846266589083
0.0
5.738358928774131
0.0
14.991106946711685
16.784459625186194
0.0
2.733590008405116
0.0
26.58483576665878
0.0
12.44023474812678
0.0
2.5904362166197172
2.613436438034926
0.0
0.0
0.0
5.921305060920625
2.8265205879007453
11.15650800742149
8.842262965394372
2.9584037498826117
4.191237806232999
3.889818545474848
4.626647494578085
5.522397783539471
0.0
22.31618068926665
22.31618068926665
27.516060407455225
23.462350320528007
0.0
13.540372457315733
0.0
12.872632311973014
0.0
4.456882760699063
0.0
4.456882760699063
0.0
12.703318703865365
0.0
0.0
9.652434877402245
8.170609724417774
11.521590992286539
8.9730240870212
0.0
10.122592925934278
0.0
27.890014303843827
15.97357760615681
6.916271812933183
0.0
0.0
0.0
0.0
0.0
0.0
0.0
9.287528999566801
0.0
27.516060407455225
0.0
100.00000000000004
0.0
0.0
0.0
36.78794411714425
0.0
0.0
0.0
0.0
0.0
0.0
17.20339087300932
0.0
0.0
0.0
0.0
100.00000000000004
0.0
0.0
100.00000000000004
0.0
0.0
0.0
0.0
0.0
0.0
0.0
0.0
0.0
100.00000000000004
0.0
100.00000000000004
100.00000000000004
0.0
0.0
49.99999999999999
0.0
49.99999999999999
0.0
0.0
0.0
0.0
0.0
0.0
0.0
0.0
0.0
0.0
0.0
49.99999999999999
100.00000000000004
0.0
0.0
0.0
0.0
0.0
49.99999999999999
100.00000000000004
0.0
100.00000000000004
0.0
0.0
8.116697886877475
0.0
100.00000000000004
26.013004751144457
0.0
4.456882760699063
0.0
0.0
0.0
0.0
49.99999999999999
0.0
0.0
0.0
27.516060407455225
0.0
0.0
49.99999999999999
0.0
0.0
0.0
0.0
15.207218222740094
24.880469496253564
17.747405280050266
0.0
5.815868174415823
10.682175159905848
0.0
5.816635421147513
15.619699684601281
13.134549472120788
4.9323515694897075
9.030367376343264
0.0
0.0
0.0
13.073136666138005
0.24787521766663595
0.0
100.00000000000004
0.0
49.99999999999999
0.0
0.0
100.00000000000004
0.0
0.0
0.0
0.0
0.0
0.0
0.0
0.0
0.0
27.516060407455225
0.0
4.104249931194939
0.0
4.104249931194939
0.0
4.196114906296549
0.0
0.0
0.0
0.0
0.0
0.0
100.00000000000004
0.0
0.0
0.0
100.00000000000004
0.0
0.0
0.0
0.0
0.0
0.0
0.0
0.0
15.97357760615681
15.97357760615681
0.0
0.0
0.0
0.0
0.0
4.196114906296549
4.196114906296549
0.0
0.0
0.0
12.44023474812678
0.0
0.0
0.0
0.0
0.0
10.511846841633776
0.0
0.0
16.784459625186194
4.303846266589083
0.0
0.0
0.0
0.0
26.58483576665878
0.0
8.116697886877475
0.0
8.116697886877475
31.947155212313625
31.947155212313625
2.148833794106714
4.141141330484801
0.0
0.0
0.0
15.97357760615681
0.0
0.0
8.116697886877475
27.516060407455225
100.00000000000004
0.0
34.66806371753173
27.516060407455225
8.745825313180626
0.0
7.16047614494885
0.0
6.316906128202129
8.562365224473284
0.0
12.703318703865365
10.923299908191149
9.688464563433238
0.0
15.619699684601281
0.0
6.285596338261262
6.7667641618306344
0.0
0.0
2.8423265381137037
0.0
0.0
8.116697886877475
0.0
0.0
0.0
0.0
2.8933441477048882
2.4139107472368146
0.0
0.0
8.116697886877475
0.0
5.522397783539471
0.0
22.31618068926665
22.31618068926665
27.516060407455225
23.462350320528007
0.0
13.540372457315733
0.0
12.872632311973014
0.0
4.456882760699063
0.0
4.456882760699063
0.0
12.703318703865365
0.0
0.0
9.652434877402245
8.170609724417774
11.521590992286539
8.9730240870212
0.0
10.122592925934278
0.0
27.890014303843827
15.97357760615681
6.916271812933183
0.0
0.0
0.0
0.0
0.0
0.0
0.0
9.287528999566801
0.0
27.516060407455225
0.0
100.00000000000004
0.0
0.0
0.0
36.78794411714425
0.0
0.0
0.0
0.0
0.0
0.0
17.20339087300932
0.0
0.0
0.0
0.0
100.00000000000004
0.0
0.0
100.00000000000004
0.0
0.0
0.0
0.0
0.0
0.0
0.0
0.0
0.0
100.00000000000004
0.0
100.00000000000004
100.00000000000004
0.0
0.0
49.99999999999999
0.0
49.99999999999999
0.0
0.0
0.0
0.0
0.0
0.0
0.0
0.0
0.0
0.0
0.0
49.99999999999999
100.00000000000004
0.0
0.0
0.0
0.0
0.0
49.99999999999999
100.00000000000004
0.0
100.00000000000004
0.0
0.0
8.116697886877475
0.0
100.00000000000004
26.013004751144457
0.0
4.456882760699063
0.0
0.0
0.0
0.0
49.99999999999999
0.0
0.0
0.0
27.516060407455225
0.0
0.0
49.99999999999999
0.0
0.0
0.0
0.0
15.207218222740094
24.880469496253564
17.747405280050266
0.0
5.815868174415823
10.682175159905848
0.0
5.816635421147513
15.619699684601281
13.134549472120788
4.9323515694897075
9.030367376343264
0.0
0.0
0.0
13.073136666138005
0.24787521766663595
0.0
100.00000000000004
39.43223765116288
0.0
49.99999999999999
0.0
0.0
100.00000000000004
0.0
0.0
0.0
0.0
0.0
0.0
0.0
0.0
0.0
27.516060407455225
0.0
4.104249931194939
0.0
4.104249931194939
0.0
4.196114906296549
0.0
0.0
0.0
0.0
0.0
0.0
100.00000000000004
0.0
0.0
0.0
100.00000000000004
0.0
0.0
0.0
0.0
0.0
0.0
0.0
0.0
15.97357760615681
15.97357760615681
0.0
0.0
0.0
0.0
0.0
0.0
12.44023474812678
0.0
0.0
0.0
0.0
0.0
10.511846841633776
0.0
0.0
16.784459625186194
4.303846266589083
0.0
0.0
0.0
0.0
26.58483576665878
0.0
8.116697886877475
0.0
8.116697886877475
31.947155212313625
31.947155212313625
2.148833794106714
4.141141330484801
0.0
0.0
0.0
15.97357760615681
0.0
0.0
8.116697886877475
0.0
27.516060407455225
100.00000000000004
0.0
34.66806371753173
27.516060407455225
8.745825313180626
0.0
7.16047614494885
0.0
6.316906128202129
8.562365224473284
0.0
12.703318703865365
10.923299908191149
9.688464563433238
0.0
15.619699684601281
0.0
6.285596338261262
7.253154775624655
0.0
0.0
2.8423265381137037
0.0
0.0
8.116697886877475
0.0
0.0
0.0
0.0
2.8933441477048882
2.4139107472368146
0.0
0.0
8.116697886877475
0.0
5.522397783539471
0.0
22.31618068926665
22.31618068926665
27.516060407455225
23.462350320528007
0.0
13.540372457315733
0.0
12.872632311973014
0.0
4.456882760699063
0.0
4.456882760699063
0.0
12.703318703865365
0.0
0.0
9.652434877402245
8.170609724417774
11.521590992286539
8.9730240870212
0.0
10.122592925934278
0.0
27.890014303843827
15.97357760615681
6.916271812933183
0.0
0.0
0.0
0.0
0.0
0.0
0.0
9.287528999566801
0.0
27.516060407455225
0.0
100.00000000000004
0.0
0.0
0.0
36.78794411714425
0.0
0.0
0.0
0.0
0.0
0.0
17.20339087300932
0.0
0.0
0.0
0.0
100.00000000000004
0.0
0.0
100.00000000000004
0.0
0.0
0.0
0.0
0.0
0.0
0.0
0.0
0.0
100.00000000000004
0.0
100.00000000000004
0.0
0.0
49.99999999999999
0.0
49.99999999999999
0.0
0.0
0.0
0.0
0.0
0.0
0.0
0.0
0.0
0.0
0.0
49.99999999999999
100.00000000000004
0.0
0.0
0.0
0.0
49.99999999999999
100.00000000000004
0.0
100.00000000000004
0.0
0.0
8.116697886877475
0.0
100.00000000000004
26.013004751144457
0.0
4.456882760699063
0.0
0.0
0.0
0.0
49.99999999999999
0.0
0.0
0.0
27.516060407455225
0.0
0.0
49.99999999999999
0.0
0.0
0.0
0.0
15.207218222740094
24.880469496253564
17.747405280050266
0.0
5.815868174415823
10.682175159905848
0.0
5.816635421147513
15.619699684601281
13.134549472120788
4.9323515694897075
9.030367376343264
0.0
0.0
0.0
0.0
100.00000000000004
39.43223765116288
0.0
49.99999999999999
0.0
0.0
100.00000000000004
0.0
0.0
0.0
0.0
0.0
0.0
0.0
0.0
0.0
27.516060407455225
0.0
4.104249931194939
0.0
4.104249931194939
0.0
4.196114906296549
0.0
0.0
0.0
0.0
0.0
0.0
100.00000000000004
0.0
0.0
0.0
100.00000000000004
0.0
0.0
0.0
0.0
0.0
0.0
0.0
0.0
15.97357760615681
15.97357760615681
0.0
0.0
0.0
0.0
0.0
13.073136666138005
0.24787521766663595
0.0
30.326532985631665
0.0
13.134549472120788
0.0
3.333744983027298
2.2731543567022867
8.116697886877475
3.236535997754842
4.348196273867884
1.5393730252811677
0.0
0.0
0.0
0.0
1.5397066946965314
4.344109103419242
3.9878409618619135
7.431878014503621
0.0
2.380649473058063
2.4139107472368146
0.0
0.0
9.652434877402245
0.0
1.4443145961599866
3.0372940354383413
8.116697886877475
6.384875295507791
4.395495058467212
9.945041368991502
2.8265205879007453
7.087999271334171
2.6464845949013793
4.195987418785955
3.260398878404363
9.688464563433238
0.0
15.619699684601281
11.084119214562044
0.0
2.087936282709597
22.325877055095226
6.285596338261262
7.253154775624655
0.0
6.900655593423541
0.0
2.8423265381137037
4.87732444430659
27.516060407455225
8.745825313180626
0.0
5.065452582938215
7.16047614494885
10.401577613691954
3.4251017286865153
8.562365224473284
0.0
2.060187754521775
6.316906128202129
8.562365224473284
2.7710334190975354
10.01682049501132
4.704451129067909
0.0
3.008633591114833
12.703318703865365
3.1221929756173616
0.0
10.923299908191149
7.635362674858095
0.0
0.0
27.516060407455225
0.0
100.00000000000004
13.134549472120788
0.0
10.400597689005304
34.66806371753173
0.0
0.0
9.652434877402245
0.0
2.2477113730592935
12.872632311973014
2.327130115554371
8.116697886877475
6.448120482365348
31.947155212313625
10.682175159905848
31.947155212313625
2.148833794106714
4.213502313618772
4.141141330484801
0.0
0.0
2.8807097550328042
0.0
16.210476195714545
2.4347130516557893
3.1364240458810366
2.426532257432171
0.0
2.5197593442434796
4.33173054551354
15.97357760615681
0.334448584365849
0.0
8.116697886877475
0.0
4.701058251716988
8.116697886877475
3.7378514686989144
5.684653076227407
11.725004053101795
5.600607423889073
5.090564127188442
0.0
0.0
0.0
5.039518688486958
0.0
10.511846841633776
0.0
10.10280967315114
3.551851328486764
0.0
16.784459625186194
4.303846266589083
0.0
5.738358928774131
0.0
14.991106946711685
16.784459625186194
0.0
2.733590008405116
0.0
26.58483576665878
0.0
12.44023474812678
0.0
2.5904362166197172
2.613436438034926
0.0
0.0
0.0
0.0
5.921305060920625
2.8265205879007453
11.15650800742149
8.842262965394372
2.9584037498826117
4.191237806232999
3.889818545474848
4.626647494578085
5.522397783539471
0.0
0.0
22.31618068926665
22.31618068926665
27.516060407455225
23.462350320528007
0.0
13.540372457315733
0.0
12.872632311973014
0.0
4.456882760699063
0.0
4.456882760699063
0.0
12.703318703865365
0.0
0.0
9.652434877402245
8.170609724417774
11.521590992286539
8.9730240870212
0.0
10.122592925934278
0.0
27.890014303843827
15.97357760615681
6.916271812933183
0.0
0.0
0.0
0.0
0.0
0.0
0.0
9.287528999566801
0.0
27.516060407455225
0.0
100.00000000000004
0.0
0.0
0.0
36.78794411714425
0.0
0.0
0.0
0.0
0.0
0.0
17.20339087300932
0.0
0.0
0.0
0.0
100.00000000000004
0.0
0.0
100.00000000000004
0.0
0.0
0.0
0.0
0.0
0.0
0.0
0.0
0.0
100.00000000000004
0.0
100.00000000000004
0.0
0.0
49.99999999999999
0.0
49.99999999999999
0.0
0.0
0.0
0.0
0.0
0.0
0.0
0.0
0.0
0.0
0.0
49.99999999999999
100.00000000000004
0.0
0.0
0.0
0.0
49.99999999999999
100.00000000000004
0.0
100.00000000000004
0.0
0.0
8.116697886877475
0.0
100.00000000000004
26.013004751144457
0.0
49.99999999999999
0.0
4.456882760699063
0.0
0.0
0.0
0.0
49.99999999999999
0.0
0.0
0.0
27.516060407455225
0.0
0.0
49.99999999999999
0.0
0.0
0.0
0.0
15.207218222740094
24.880469496253564
17.747405280050266
0.0
5.815868174415823
10.682175159905848
0.0
5.816635421147513
15.619699684601281
13.134549472120788
4.9323515694897075
9.030367376343264
0.0
0.0
0.0
0.0
100.00000000000004
39.43223765116288
0.0
49.99999999999999
0.0
0.0
100.00000000000004
0.0
0.0
0.0
0.0
0.0
0.0
0.0
0.0
0.0
27.516060407455225
0.0
4.104249931194939
0.0
4.104249931194939
0.0
4.196114906296549
0.0
0.0
0.0
0.0
0.0
0.0
100.00000000000004
0.0
0.0
0.0
100.00000000000004
0.0
0.0
0.0
0.0
0.0
0.0
0.0
0.0
15.97357760615681
15.97357760615681
0.0
0.0
0.0
0.0
0.0
13.073136666138005
0.24787521766663595
15.97357760615681
0.0
30.326532985631665
0.0
13.134549472120788
0.0
3.333744983027298
2.2731543567022867
8.116697886877475
3.236535997754842
4.348196273867884
1.5393730252811677
0.0
0.0
0.0
0.0
1.5397066946965314
4.344109103419242
3.9878409618619135
7.431878014503621
0.0
2.380649473058063
2.4139107472368146
0.0
0.0
9.652434877402245
0.0
1.4443145961599866
3.0372940354383413
8.116697886877475
6.384875295507791
4.395495058467212
9.945041368991502
2.8265205879007453
7.087999271334171
2.6464845949013793
4.195987418785955
3.260398878404363
9.688464563433238
0.0
15.619699684601281
11.084119214562044
0.0
2.087936282709597
22.325877055095226
6.285596338261262
7.253154775624655
0.0
6.900655593423541
0.0
2.8423265381137037
4.87732444430659
27.516060407455225
8.745825313180626
0.0
5.065452582938215
7.16047614494885
10.401577613691954
3.4251017286865153
8.562365224473284
0.0
2.060187754521775
6.316906128202129
8.562365224473284
2.7710334190975354
10.01682049501132
4.704451129067909
0.0
3.008633591114833
12.703318703865365
3.1221929756173616
0.0
10.923299908191149
7.635362674858095
0.0
0.0
27.516060407455225
0.0
100.00000000000004
13.134549472120788
0.0
10.400597689005304
34.66806371753173
0.0
0.0
9.652434877402245
0.0
