1.5732934811145336
0.0
0.0
0.0
0.0
0.0
1.3353534059549443
0.0
0.0
0.0
4.02724819242185
0.0
3.2933284838220014
2.8398387225677895
0.0
2.916495972453022
0.0
2.2869567780619007
0.0
0.0
0.0
0.0
0.0
3.1157290929555894
1.7324044975269597
0.0
0.0
8.532663385913803
0.0
0.0
0.0
0.0
0.0
0.0
0.0
0.0
3.3864985683445354
0.0
0.0
2.445593937240363
0.0
3.0890553181566975
0.0
2.0244462660665508
5.11459870708889
0.0
9.51934081834847
4.196114906296549
6.250381527944883
2.5540496664715904
0.0
5.693025330278465
7.535838128770539
1.6701777430699283
0.0
0.0
1.3353534059549443
0.0
9.535414040914192
0.0
2.0244462660665508
0.0
2.719665272174911
0.0
1.5732934811145336
0.0
2.445593937240363
0.0
0.0
2.0244462660665508
1.958224832501124
1.8110197178625276
1.506189323093867
2.0244462660665508
1.8709718017288024
5.10809933294318
3.377156414337854
0.0
8.392229812593097
2.1476912089159055
5.412989186545263
4.02724819242185
0.0
1.3154294003579907
0.0
0.0
0.0
2.8398387225677895
0.0
0.0
1.526608193588886
0.0
0.0
0.0
6.567274736060395
0.0
1.092534162077208
0.0
0.0
1.199348129252962
0.0
2.2869567780619007
1.4262733286728257
4.456882760699063
0.0
0.0
0.0
0.0
0.0
1.9146030690102511
1.6466642419110007
0.0
0.0
0.0
0.0
1.4445809981770859
2.5540496664715904
1.4910943694160985
0.0
2.0244462660665508
0.0
1.5732934811145336
0.0
3.7477767366779213
3.377156414337854
0.0
5.3707987537395825
1.3794462224541233
0.0
0.0
4.935157841536379
6.567274736060395
0.0
4.8734989388136185
0.0
0.0
1.184949136625139
0.0
0.0
4.02724819242185
0.0
3.7477767366779213
0.0
6.567274736060395
0.0
0.0
0.0
2.6485681362909563
0.0
5.679677445135579
0.0
0.0
0.0
0.0
0.0
0.0
0.0
0.0
0.0
30.213753973567677
6.567274736060395
4.167251645138561
2.0244462660665508
4.767707020457095
0.0
3.3864985683445354
4.767707020457095
0.0
0.0
0.0
0.0
0.0
1.506189323093867
0.0
0.0
0.0
2.908317710573757
0.0
3.3864985683445354
0.0
3.3864985683445354
0.0
4.196114906296549
0.0
0.0
0.0
0.0
0.0
0.0
0.0
6.567274736060395
0.0
2.1476912089159055
0.0
0.0
0.0
0.0
1.7179060012299232
4.196114906296549
0.0
0.0
0.0
0.0
0.0
0.0
1.6466642419110007
0.0
0.0
0.0
0.0
0.0
0.0
3.0890553181566975
0.0
0.0
11.044795567078939
0.0
0.0
2.445593937240363
0.0
0.0
0.0
0.0
0.0
0.0
0.0
11.044795567078939
0.0
0.0
0.0
0.0
0.0
0.0
0.0
0.0
0.0
0.0
5.522397783539471
0.0
2.2869567780619007
0.0
2.627961710408444
5.869760893038728
0.0
0.0
1.7179060012299232
2.0244462660665508
2.2869567780619007
6.150343144231885
3.435812002459847
0.0
3.1251907639724417
2.0705706652424007
4.02724819242185
4.456882760699063
1.3355980882200826
0.0
0.0
0.0
0.0
6.567274736060395
0.0
0.0
3.3864985683445354
0.0
0.0
3.0890553181566975
1.9822566267103439
2.6440681349450874
0.0
4.02724819242185
0.0
2.627961710408444
1.7179060012299232
0.0
2.5540496664715904
0.0
1.5880117714047368
0.0
7.495553473355842
2.159701133933343
0.0
0.0
0.0
0.0
0.0
0.0
4.935157841536379
0.0
2.8398387225677895
0.0
5.401157445454033
0.0
0.0
11.044795567078939
2.1476912089159055
0.0
0.0
0.0
0.0
6.772997136689072
0.0
0.0
0.0
0.0
3.0890553181566975
3.7968017775955714
0.0
0.0
0.0
3.7477767366779213
0.0
0.0
0.0
0.0
0.0
0.0
0.0
0.0
0.0
4.02724819242185
0.0
0.0
0.0
0.0
0.0
11.044795567078939
0.0
0.0
0.0
0.0
0.0
0.0
0.0
0.0
0.0
0.0
4.891187874480726
0.0
0.0
0.0
0.0
3.7477767366779213
0.0
6.754312828675707
0.0
0.0
0.0
0.0
0.0
4.295382417831811
1.7574239156849023
0.0
4.196114906296549
0.0
0.0
0.0
2.1476912089159055
0.0
4.196114906296549
1.8709718017288024
0.0
0.0
3.0890553181566975
0.0
0.0
0.0
0.0
0.0
0.0
3.7477767366779213
4.196114906296549
0.0
2.2869567780619007
0.0
0.0
4.5739135561238005
0.0
1.0559717178170818
0.0
3.673526562988939
0.0
0.0
0.0
6.772997136689072
0.0
1.7179060012299232
0.0
2.159701133933343
0.0
1.6504045595709425
0.0
0.0
0.0
0.0
3.4162113597999784
0.0
0.0
0.0
1.1323579881005348
0.6371624499564389
0.769226298433097
0.0
0.0
0.0
0.0
0.0
1.958224832501124
0.0
0.0
0.0
0.0
2.8398387225677895
2.2869567780619007
0.0
0.0
1.6466642419110007
0.0
0.0
3.016200863100729
4.196114906296549
4.196114906296549
0.0
0.0
3.7477767366779213
0.0
1.5883027492953543
0.7716270058689811
3.7477767366779213
0.0
0.0
0.0
0.0
0.0
0.0
4.935157841536379
0.8954307276600084
0.0
0.0
0.0
0.0
5.679677445135579
2.2731543567022867
4.767707020457095
0.0
0.0
2.445593937240363
1.7557381354086663
0.0
0.0
0.0
0.0
0.0
0.0
0.0
1.387819277861591
0.0
2.1476912089159055
5.522397783539471
0.0
0.0
0.0
0.0
0.0
0.0
0.0
0.0
0.0
2.0540268312306345
0.0
0.0
0.0
0.0
0.0
0.0
0.0
0.0
6.27465531099474
0.0
2.0244462660665508
1.9146030690102511
2.719665272174911
0.0
1.958224832501124
0.0
0.0
0.0
2.445593937240363
0.0
0.0
0.0
0.0
2.8398387225677895
0.0
3.0890553181566975
0.0
0.0
4.767707020457095
0.0
6.567274736060395
3.21858262703621
0.0
1.9146030690102511
2.445593937240363
3.0890553181566975
0.0
0.0
0.0
0.0
0.0
0.0
0.0
0.0
0.0
11.044795567078939
1.9011755113058346
0.0
2.908317710573757
0.0
0.0
0.0
3.3864985683445354
0.0
2.627961710408444
0.0
0.0
0.0
0.0
3.0890553181566975
3.3864985683445354
8.116697886877475
0.0
0.0
0.0
1.9822566267103439
3.7477767366779213
0.0
9.980099403873663
3.4585921141027356
0.0
2.2869567780619007
0.0
0.0
0.0
0.0
2.627961710408444
1.8160849415439309
4.196114906296549
0.0
3.1251907639724417
0.0
3.7477767366779213
0.0
0.0
2.719665272174911
0.0
4.196114906296549
0.0
8.392229812593097
5.522397783539471
0.0
0.0
0.0
0.0
0.0
2.8398387225677895
0.0
2.7588924449082466
4.196114906296549
1.199348129252962
0.0
3.6321698830878617
0.0
0.0
0.0
2.8398387225677895
0.0
0.0
0.0
0.0
0.0
0.0
0.0
0.0
3.7477767366779213
0.0
3.0890553181566975
5.522397783539471
0.0
0.0
0.9451258377819046
0.0
0.0
0.0
0.0
0.0
0.0
0.0
5.10809933294318
1.286713095960916
0.0
12.605968092174914
0.0
5.0735520042259505
0.0
0.0
0.5780711997404514
2.8398387225677895
0.0
0.0
2.627961710408444
0.0
3.3864985683445354
2.328734903585348
0.0
2.1476912089159055
0.0
0.0
0.0
0.0
6.772997136689072
0.0
0.0
0.0
6.837203339116283
2.8398387225677895
0.0
2.8398387225677895
1.0559717178170818
2.719665272174911
0.0
2.445593937240363
0.0
3.7477767366779213
2.4617934274488045
0.0
4.300847718252331
1.8709718017288024
1.727223799216787
2.8398387225677895
0.0
0.0
0.0
0.0
0.0
0.0
0.0
0.0
0.0
0.0
0.0
4.196114906296549
0.0
0.0
0.0
0.0
0.0
0.0
0.0
6.567274736060395
0.0
0.0
4.92467473444436
0.0
3.0890553181566975
0.0
0.0
0.0
7.495553473355842
0.0
0.0
2.8398387225677895
0.0
0.0
0.0
0.0
4.196114906296549
4.923026124015933
0.0
0.0
0.0
0.0
0.0
0.0
0.0
0.0
0.0
5.522397783539471
5.522397783539471
2.8398387225677895
0.0
0.0
0.0
0.0
3.673526562988939
0.0
0.0
0.0
0.0
5.679677445135579
0.0
0.0
0.0
0.0
0.0
0.0
3.3864985683445354
4.990049701936832
0.0
0.0
0.0
6.844195245453219
0.0
0.0
3.3864985683445354
0.0
0.0
0.0
3.0890553181566975
3.0890553181566975
1.286713095960916
0.0
4.8734989388136185
0.0
0.0
0.0
0.0
6.567274736060395
0.0
0.0
0.0
0.0
0.0
1.6466642419110007
4.767707020457095
0.0
5.522397783539471
0.0
0.0
0.0
3.1251907639724417
0.0
0.0
0.0
0.0
0.0
2.445593937240363
0.0
2.1476912089159055
4.767707020457095
0.0
1.9146030690102511
0.0
0.0
2.0540268312306345
1.286713095960916
0.0
2.8398387225677895
0.0
5.42821064703297
0.0
0.0
0.8183299404498396
0.406253856518334
0.0
2.2869567780619007
3.7477767366779213
4.196114906296549
0.0
0.0
0.0
0.0
0.0
4.456882760699063
3.5823421191287177
4.990049701936832
0.0
2.1400286214609148
9.535414040914192
0.0
3.0890553181566975
6.567274736060395
3.0603367373678014
1.3494116947566301
0.9964194812460634
6.567274736060395
10.682175159905848
0.0
2.1476912089159055
0.0
1.4104555382959003
3.3864985683445354
3.0890553181566975
3.0890553181566975
1.2263126502610222
2.568331954752977
0.0
2.8398387225677895
12.605968092174914
0.0
0.0
3.377156414337854
2.6711961764401657
9.287528999566801
2.276859592073037
12.35622127262679
0.0
0.0
2.328734903585348
2.6711961764401657
1.4500372328365223
1.826472886268134
4.295382417831811
2.458476536482737
1.5784309053930103
1.4780822562194806
3.5823421191287177
5.341413623819777
4.34373789135831
3.5823421191287177
2.0705706652424007
8.73716785171588
2.1671320168371846
2.1400286214609148
2.1476912089159055
12.107046798719933
2.0540268312306345
1.633898440122165
1.6466642419110007
4.85815973404977
2.9171735901692597
0.0
2.4074859035470344
1.4491339833989647
2.908317710573757
1.5784309053930103
1.4262733286728257
0.0
1.6794256847485503
2.251889061850022
1.727223799216787
1.9146030690102511
4.916953072965473
2.6510202602018675
4.237713199752784
1.8864569336713677
2.747577956933031
1.3024295746348018
3.8292061380205022
8.383924775392588
1.389736936231864
2.159701133933343
4.456882760699063
2.2869567780619007
2.7076576267554477
1.6504045595709425
1.2193311110766474
1.958224832501124
2.159701133933343
6.285596338261262
2.5285951011061134
4.019656738893367
5.439330544349821
3.7477767366779213
3.377156414337854
4.814971807094068
4.295382417831811
2.8244460759801417
2.445593937240363
6.370405230161802
5.412989186545263
1.2443969494386207
3.235912122544166
2.4074859035470344
3.918827930048465
5.679677445135579
3.5823421191287177
1.2557690800697192
9.147827112247601
2.4074859035470344
3.1085583786586426
1.9146030690102511
4.480836160121357
3.435812002459847
12.605968092174914
5.905947656676037
1.915654182812138
3.7159390072518104
5.911245883122323
4.196114906296549
3.630906651274709
3.0890553181566975
2.063004465487746
5.0912128230977505
1.5732934811145336
3.377156414337854
1.7557381354086663
0.0
3.0098043843528286
2.3569062221449553
4.253727916575855
4.196114906296549
1.877597418283655
11.750296943620288
4.019656738893367
3.482270899863668
8.29519350710986
0.0
1.5301683686839007
3.4352376920340264
4.02724819242185
4.196114906296549
4.923586854897609
1.877081263233555
2.8265205879007453
2.5984987978515033
2.747878682374729
0.0
0.0
5.7259987315337755
0.0
1.5393730252811677
2.091907353029706
7.574347133041985
9.782375748961453
2.678425460878287
4.196114906296549
0.0
0.0
5.837542914603121
0.0
3.776949794525175
1.8160849415439309
2.224972978585352
0.0
0.0
1.727223799216787
1.8884748972625875
7.6784327065861735
6.0227110897339795
2.445593937240363
5.517784889816492
2.445593937240363
2.8933441477048882
2.2731543567022867
1.727223799216787
3.176605498590708
1.4491339833989647
2.9171735901692597
3.377156414337854
4.9323515694897075
0.0
2.550799653951183
4.085892079136996
2.9171735901692597
23.462350320528007
5.255923420816887
2.908317710573757
9.716915779575569
5.751391809950023
4.480836160121357
2.352622489487909
2.159701133933343
1.7179060012299232
4.814971807094068
0.0
1.5784309053930103
2.328734903585348
1.943043650185126
0.0
5.778323992708342
0.0
8.29519350710986
3.152612155448425
3.9016631127179084
0.0
1.7911710595643588
13.400825781778892
9.25329498915617
1.4014248243844825
5.816635421147513
2.0877077807874116
1.8884748972625875
2.298666038841233
9.782375748961453
2.977665307178987
4.814971807094068
9.147827112247601
1.9822566267103439
2.5197593442434796
7.994607499472017
4.319402267866687
2.627961710408444
2.952787808378777
1.9240848598265397
2.6643211213888947
10.511846841633776
7.232823449239036
3.4901807086831904
3.21858262703621
3.0890553181566975
1.5301683686839007
1.493369524819332
4.92467473444436
10.70454632987902
2.6594139297659902
5.255923420816887
0.0
0.0
3.197383344450448
1.1446286077423036
5.406502668979588
2.8244460759801417
2.0540268312306345
2.445593937240363
4.260146736441797
0.0
6.2931739244581335
2.4074859035470344
0.0
2.1671320168371846
5.816635421147513
4.019656738893367
4.150547731411289
5.7259987315337755
3.0098043843528286
2.627961710408444
4.1858747270392405
0.0
2.8398387225677895
4.196114906296549
5.431360807863856
1.2414943415352928
2.7076576267554477
4.141141330484801
2.952464657861394
2.908317710573757
4.45846686713744
6.250381527944883
5.165604006110218
2.952787808378777
4.3006625536967915
2.8398387225677895
7.2643397661757225
0.0
5.30918756028263
8.097785064266205
3.333744983027298
2.4181756076515732
2.198466134297366
2.276859592073037
3.511091977922844
0.0
2.87571163794528
8.392229812593097
3.158092042483703
3.673526562988939
6.074588070876682
1.7911710595643588
1.727223799216787
3.333744983027298
5.677989922061875
3.673526562988939
1.2443969494386207
2.445593937240363
11.076060807725355
3.673526562988939
4.085892079136996
5.422832877388758
2.6988233895132607
4.767707020457095
1.6276888006478718
3.673526562988939
1.8196871111910016
2.0943178884208566
1.9822566267103439
2.8398387225677895
2.304907678117588
4.277213401227561
1.5732934811145336
6.567274736060395
0.0
8.392229812593097
0.0
1.7179060012299232
0.0
5.0735520042259505
0.0
0.0
0.0
0.0
2.955622941561161
0.0
6.567274736060395
0.0
2.627961710408444
0.0
0.0
5.522397783539471
0.0
0.0
2.719665272174911
0.0
11.044795567078939
1.9822566267103439
0.0
2.0398734695274308
0.0
0.0
2.8398387225677895
7.495553473355845
3.7477767366779213
2.627961710408444
6.27465531099474
0.0
0.0
7.495553473355842
0.0
0.0
0.0
0.0
1.727223799216787
3.0890553181566975
0.0
0.0
0.0
6.567274736060395
0.0
0.0
4.456882760699063
4.02724819242185
0.0
0.0
5.255923420816887
4.767707020457095
3.8229746997386345
5.522397783539471
0.0
0.0
7.495553473355842
0.0
0.0
0.0
0.0
0.0
0.0
0.0
0.0
0.0
6.567274736060395
4.196114906296549
6.567274736060395
0.0
0.0
0.0
0.0
4.456882760699063
0.0
0.0
0.0
0.0
0.0
0.0
0.0
6.567274736060395
1.7557381354086663
5.522397783539471
2.445593937240363
2.062403823169552
1.8160849415439309
1.633898440122165
2.7374353552268276
0.0
4.069582841180382
6.567274736060395
3.3868193354396166
0.0
0.0
0.0
0.0
0.0
0.0
8.392229812593097
4.5739135561238005
6.567274736060395
0.0
0.0
3.1085583786586426
0.0
3.5823421191287177
0.0
0.0
1.5732934811145336
0.0
3.8292061380205022
0.0
0.0
0.0
6.567274736060395
0.0
4.456882760699063
0.0
3.471023784089875
0.0
0.0
0.0
0.0
0.0
9.78237574896145
2.719665272174911
0.0
0.0
2.2731543567022867
2.1671320168371846
0.0
3.3495035708457803
0.0
3.8292061380205022
0.0
5.522397783539471
2.8398387225677895
3.377156414337854
2.2869567780619007
3.7477767366779213
3.016200863100729
6.772997136689072
2.2869567780619007
3.673526562988939
1.286713095960916
0.0
2.719665272174911
2.882750523862631
0.0
3.0890553181566975
0.0
0.0
3.4015426186864377
0.0
2.330502445581504
2.2869567780619007
0.0
5.679677445135579
5.522397783539471
3.7477767366779213
8.116697886877475
3.0890553181566975
0.0
3.0890553181566975
0.0
3.0890553181566975
2.0244462660665508
1.9146030690102511
2.627961710408444
0.0
0.0
0.0
0.0
0.0
0.0
0.0
0.0
0.0
0.0
0.0
2.627961710408444
0.0
4.456882760699063
0.0
0.0
0.0
0.0
4.990049701936832
2.0705706652424007
2.445593937240363
0.0
0.0
0.0
4.048892532133102
0.0
2.9559265264674432
0.0
4.196114906296549
0.0
3.7477767366779213
0.0
7.495553473355842
2.7076576267554477
1.9011755113058346
1.526608193588886
0.0
0.0
3.0890553181566975
3.7477767366779213
4.048892532133102
0.0
5.522397783539471
0.0
0.0
0.0
0.0
4.196114906296549
0.0
0.0
0.0
3.7477767366779213
0.0
0.0
5.522397783539471
0.0
0.0
0.0
5.522397783539471
0.0
17.747405280050266
1.7908614553200168
0.0
0.0
0.0
0.0
1.8160849415439309
4.048892532133102
0.0
5.522397783539471
0.0
2.627961710408444
0.0
0.0
0.0
2.5540496664715904
0.0
0.0
0.0
0.0
0.0
0.0
0.0
41.11336169005198
0.0
7.495553473355842
0.0
0.0
0.0
0.0
2.328734903585348
0.0
0.0
0.0
15.619699684601281
0.0
0.0
0.0
4.300847718252331
0.0
0.0
0.0
4.767707020457095
0.0
3.0890553181566975
0.0
5.331817917517487
0.0
0.0
0.0
17.793925745339383
13.134549472120788
11.044795567078939
0.0
0.0
0.0
0.0
0.0
0.0
0.0
0.0
0.0
0.0
0.0
0.0
6.770186228657864
0.0
0.0
0.0
0.0
4.196114906296549
0.0
0.0
0.0
0.0
4.196114906296549
0.0
0.0
5.816635421147515
0.0
0.0
0.0
7.495553473355842
4.814971807094068
0.0
0.0
2.775638555723182
0.0
16.233395773754953
2.1476912089159055
3.0890553181566975
0.0
0.0
6.567274736060395
0.0
12.605968092174914
0.0
0.0
0.0
0.0
0.0
0.0
0.0
4.02724819242185
3.7477767366779213
4.065425428798724
3.0890553181566975
0.0
4.767707020457095
1.387819277861591
2.8398387225677895
2.1671320168371846
0.0
3.7477767366779213
0.0
0.0
0.0
4.5739135561238005
7.495553473355842
0.0
0.0
5.706367757772897
0.0
0.0
1.727223799216787
3.3864985683445354
0.0
0.0
3.7477767366779213
0.0
0.0
0.0
3.7477767366779213
0.0
4.196114906296549
0.0
0.0
1.9822566267103439
9.287528999566801
5.679677445135579
0.0
4.196114906296549
3.7477767366779213
5.522397783539471
0.0
0.0
0.0
0.0
6.870636427700047
0.0
2.2869567780619007
0.0
0.0
0.0
2.5540496664715904
0.0
0.0
0.0
1.533227700920213
0.0
1.826472886268134
3.7477767366779213
0.0
0.0
0.0
0.0
3.7477767366779213
0.0
0.0
2.2869567780619007
0.0
2.719665272174911
12.600736402830258
2.299921972415939
0.0
0.0
17.747405280050266
0.0
4.767707020457095
0.0
6.567274736060395
0.0
0.0
0.0
0.0
0.0
3.7477767366779213
0.0
5.522397783539471
0.0
0.0
0.0
0.0
0.0
0.0
3.7477767366779213
0.0
0.0
0.0
0.0
0.0
0.0
0.0
0.0
0.0
0.0
6.567274736060395
0.0
0.0
3.0890553181566975
1.286713095960916
2.5889065173943995
0.0
0.0
0.0
0.0
0.0
3.7477767366779213
4.176135637368425
0.0
3.7477767366779213
3.673526562988939
0.0
2.5586897876995107
0.0
0.0
0.0
3.639374222382003
2.276859592073037
0.0
2.5540496664715904
4.456882760699063
0.0
4.295382417831811
0.0
0.0
0.0
3.7477767366779213
11.044795567078939
0.0
2.627961710408444
0.0
30.213753973567677
0.0
0.0
0.0
0.0
0.0
0.0
6.837203339116283
0.0
0.0
0.0
0.0
0.0
0.0
0.0
0.0
6.567274736060395
9.535414040914192
0.0
0.0
0.0
0.0
0.0
5.522397783539471
0.0
0.0
0.0
5.522397783539471
2.5540496664715904
2.719665272174911
5.522397783539471
16.233395773754953
7.495553473355842
0.0
4.990049701936832
0.0
1.8160849415439309
0.0
3.0890553181566975
0.0
3.0266181377145767
0.0
0.0
0.0
11.044795567078939
6.567274736060395
0.0
5.522397783539471
2.8398387225677895
0.0
0.0
0.0
0.7947529289544674
1.7179060012299232
1.506189323093867
0.0
0.0
1.8709718017288024
4.891187874480726
0.0
0.0
0.0
1.727223799216787
3.377156414337854
0.0
3.7477767366779213
2.2869567780619007
2.159701133933343
2.7076576267554477
1.4445809981770859
5.255923420816887
0.0
4.196114906296549
3.0890553181566975
0.0
0.0
4.835617971180587
0.0
2.8398387225677895
2.276859592073037
4.456882760699063
0.0
1.5732934811145336
0.0
3.3864985683445354
0.0
2.445593937240363
0.0
0.0
0.0
5.522397783539471
0.0
0.0
6.567274736060395
3.7968017775955714
0.0
5.522397783539471
0.0
9.746997877627233
0.0
5.816635421147513
0.0
2.627961710408444
0.0
2.627961710408444
0.0
0.0
0.0
4.196114906296549
0.0
7.495553473355845
0.0
0.0
0.0
0.0
0.0
0.0
1.4445809981770859
0.0
0.0
0.0
0.0
0.0
5.412989186545263
1.3494116947566301
12.605968092174914
2.2731543567022867
0.0
0.0
1.5732934811145336
6.586656967644003
2.2869567780619007
0.0
2.5642993454084824
0.0
0.0
0.0
0.0
6.178110636313396
1.6466642419110007
3.0890553181566975
0.9668670750672484
0.0
0.0
1.506189323093867
0.0
0.0
0.0
0.0
0.0
0.0
0.0
3.7477767366779213
0.0
0.0
0.0
0.0
6.844195245453219
0.0
0.0
0.0
0.0
0.0
0.0
4.196114906296549
3.7477767366779213
0.0
0.0
0.0
0.0
0.0
2.159701133933343
3.7477767366779213
0.0
4.196114906296549
1.5732934811145336
3.0890553181566975
3.3864985683445354
3.673526562988939
5.522397783539471
4.02724819242185
0.0
7.16047614494885
6.772997136689072
0.0
0.0
0.0
0.0
4.196114906296549
0.0
0.0
0.0
2.6643211213888947
0.0
0.0
0.0
3.3864985683445354
6.772997136689072
6.567274736060395
0.0
0.0
0.0
0.0
2.5197593442434796
3.0890553181566975
2.627961710408444
1.936953263325894
0.0
13.950796967929138
5.733218298943755
2.1476912089159055
0.0
4.480836160121357
2.445593937240363
4.456882760699063
0.0
0.0
0.0
0.0
0.0
0.0
3.7477767366779213
0.0
0.0
0.0
4.02724819242185
7.495553473355845
0.0
0.0
0.0
2.627961710408444
0.0
0.0
0.0
0.0
0.0
0.0
0.0
1.2414943415352928
0.0
2.627961710408444
3.673526562988939
3.0890553181566975
4.196114906296549
0.0
0.0
0.0
2.4074859035470344
0.0
0.0
0.0
9.535414040914192
4.196114906296549
0.0
1.6364503036957179
0.0
0.0
0.0
4.767707020457095
0.0
0.0
0.0
0.0
0.0
6.27465531099474
0.0
0.0
0.0
0.0
0.0
0.7500030225304521
0.0
0.0
1.092534162077208
1.5732934811145336
2.1476912089159055
0.0
0.0
3.42209762272661
17.491650626361256
2.719665272174911
3.673526562988939
3.3864985683445354
0.0
0.0
0.0
4.02724819242185
2.8398387225677895
3.7477767366779213
6.567274736060395
0.0
0.0
0.0
0.0
1.9146030690102511
0.0
0.0
0.0
0.0
0.0
2.5540496664715904
0.0
1.5880117714047368
0.0
0.0
0.0
0.0
0.0
0.0
0.0
2.445593937240363
2.0540268312306345
0.0
0.0
3.1443446386286733
0.0
3.5148478313698046
2.1476912089159055
0.0
2.2869567780619007
3.7477767366779213
0.0
3.7477767366779213
0.0
3.3864985683445354
1.8709718017288024
0.0
6.567274736060395
10.682175159905848
4.196114906296549
1.3353534059549443
0.0
4.02724819242185
0.0
2.719665272174911
0.0
0.0
1.533227700920213
1.877081263233555
0.0
0.0
0.0
0.0
4.8734989388136185
0.0
3.7477767366779213
4.8734989388136185
0.0
0.0
0.0
0.0
5.679677445135579
4.1858747270392405
3.377156414337854
3.0890553181566975
3.5148478313698046
0.0
2.9275822595890535
3.0890553181566975
2.368330983011998
0.0
0.0
2.8398387225677895
0.0
0.0
0.0
0.0
0.0
0.0
2.445593937240363
4.767707020457095
3.176023542809473
1.7574239156849023
0.0
2.5540496664715904
1.5821934551541403
7.535838128770539
2.4617934274488045
0.0
6.567274736060395
0.0
0.0
2.445593937240363
0.0
7.495553473355842
0.0
2.8398387225677895
1.1524538390587937
3.1251907639724417
0.0
5.693025330278465
0.9964194812460634
0.0
0.0
0.0
0.0
0.0
0.0
0.0
0.0
2.627961710408444
0.0
0.0
0.0
0.0
0.0
0.0
0.0
0.0
3.3864985683445354
6.772997136689072
0.0
5.669791110976001
0.0
3.7477767366779213
0.0
0.0
0.0
4.891187874480726
6.567274736060395
0.0
3.7477767366779213
0.0
0.0
0.0
3.7477767366779213
7.495553473355842
0.0
0.0
6.567274736060395
0.0
0.0
11.044795567078939
4.456882760699063
4.456882760699063
3.7477767366779213
0.0
0.0
2.2869567780619007
0.0
0.0
7.495553473355842
0.0
5.522397783539471
7.347053125977879
