4.278179264606695
0.0
0.0
0.0
0.0
4.767707020457095
0.0
0.0
0.0
0.0
0.0
0.0
3.8292061380205022
0.0
0.0
2.1904077266353736
0.0
0.0
0.0
3.3864985683445354
0.0
1.727223799216787
0.0
0.0
0.0
0.0
0.0
0.0
0.0
0.0
0.0
0.0
0.0
0.0
0.0
0.0
0.0
0.0
0.0
0.0
0.0
0.0
0.0
0.0
0.0
0.0
0.0
0.0
0.0
0.0
0.0
0.0
0.0
0.0
5.522397783539471
0.0
0.0
0.0
0.0
0.0
0.0
0.0
0.0
0.0
2.426532257432171
0.0
2.447822402834545
0.0
0.0
3.3864985683445354
2.988662868962178
2.315472233965254
0.0
2.6707068119098882
1.5821934551541403
0.0
0.0
1.6694274219040879
0.0
4.8734989388136185
2.719665272174911
0.0
0.0
2.952787808378777
0.0
0.0
0.0
0.0
2.1617886496312457
0.0
0.0
0.0
0.0
0.0
0.0
0.0
2.3788503848266394
0.0
0.0
0.0
0.0
2.8398387225677895
3.124719790499494
0.0
0.0
0.0
0.0
0.0
0.0
0.0
2.627961710408444
0.0
0.0
0.0
0.0
0.0
0.0
0.8058059704122307
0.0
0.0
0.0
4.278179264606695
0.0
0.0
0.0
0.0
0.0
2.6485681362909563
0.0
0.0
0.0
0.0
0.0
0.0
0.0
0.0
1.9521690441158932
0.0
0.0
0.0
0.0
0.0
0.0
0.0
0.0
3.0890553181566975
0.0
0.0
0.0
0.0
0.0
0.0
0.0
0.0
0.0
0.0
0.0
0.0
0.0
0.0
0.0
0.0
0.0
0.0
0.0
3.7954847898457067
0.0
0.0
0.0
6.567274736060395
0.0
0.0
0.0
0.0
0.0
0.0
0.0
0.0
0.0
0.0
9.652434877402245
0.0
0.0
0.0
0.0
0.0
0.0
0.0
0.0
0.0
0.0
0.0
4.8734989388136185
0.0
0.0
0.0
2.139538333930869
4.487525652041662
0.0
0.0
0.0
0.0
0.0
0.0
0.0
0.0
0.0
0.0
0.0
0.0
0.0
0.0
0.0
0.0
0.0
5.522397783539471
0.0
0.0
4.196114906296549
0.0
0.0
0.0
0.0
0.0
0.0
0.0
0.0
0.0
0.0
0.0
0.0
0.0
0.0
0.0
0.0
0.0
0.0
0.0
0.0
0.0
0.0
0.0
9.515401539306557
5.876350803261633
5.522397783539471
2.110598936713726
2.60859600387516
0.0
1.8160849415439309
2.7376474102577792
0.0
0.0
2.8586838330063986
0.0
4.935157841536379
1.3787300115244054
0.0
0.0
0.0
0.0
19.716118825581447
0.0
0.0
0.0
0.0
2.1027582541760537
4.196114906296549
1.4422559658817142
0.0
0.0
0.0
0.0
0.0
2.4617934274488045
0.0
0.0
0.0
1.3737889784665156
0.0
0.0
0.0
0.0
0.0
0.0
0.0
0.0
0.0
0.0
0.0
0.0
0.0
2.8666091494718775
0.0
0.0
0.0
0.0
0.0
0.0
0.0
0.0
6.870636427700047
0.0
0.0
0.0
0.0
0.0
0.0
0.0
0.0
0.0
4.300847718252331
0.0
0.0
2.3788503848266394
0.0
0.0
0.0
0.0
0.0
0.0
0.0
0.0
0.0
0.0
0.0
0.0
0.0
0.0
0.0
0.0
5.522397783539471
0.0
0.0
0.0
0.0
0.0
0.0
2.156693969393992
0.0
2.2869567780619007
0.0
0.0
0.0
0.0
4.4959869933858485
0.0
0.0
0.0
0.0
0.0
0.0
0.0
0.0
0.0
0.0
0.0
0.0
3.817681337429047
0.0
4.266331692956901
1.3967653161805977
0.0
0.0
0.0
0.0
0.0
0.0
0.0
0.0
0.0
7.545383788761362
9.688464563433238
0.0
0.0
0.0
0.0
3.1085583786586426
0.0
2.5540496664715904
0.0
4.231118166423695
0.0
0.0
0.0
0.0
0.0
0.0
0.0
0.0
4.196114906296549
0.0
0.0
0.0
0.0
0.0
0.0
0.0
0.0
0.0
0.0
0.15476600852377417
0.0
0.0
0.0
0.0
1.2458232008504773
0.0
1.5330462064343475
0.0
0.0
0.0
0.0
0.0
0.0
0.0
0.0
0.0
0.0
0.0
1.7021996863461522
0.0
3.377156414337854
0.0
0.0
0.0
0.0
2.5540496664715904
2.0244462660665508
0.0
0.0
0.0
0.0
0.0
0.0
0.0
0.0
1.8160849415439309
0.0
0.0
0.0
0.0
2.445593937240363
4.923026124015933
0.0
0.0
0.0
0.0
0.6193628179172647
0.0
0.0
0.0
0.0
0.0
0.0
0.0
0.0
0.0
0.0
0.0
0.0
0.0
0.0
0.0
0.0
0.0
0.0
0.0
0.0
0.0
0.0
0.0
0.0
0.0
0.0
0.0
0.0
0.0
5.862502026550896
0.0
6.567274736060395
3.7052472057637615
0.0
0.0
2.3901021968803136
0.0
0.0
0.0
3.7477767366779213
0.0
0.0
0.0
0.0
0.0
0.0
0.0
0.0
0.0
0.0
0.0
0.0
2.8856494253219522
4.767707020457095
0.0
0.0
0.0
0.0
0.0
0.0
0.0
0.0
0.0
0.0
0.0
0.0
0.0
0.0
0.0
3.7968017775955714
4.266331692956901
0.0
0.0
0.0
0.0
0.0
0.0
0.0
0.0
4.767707020457095
0.0
0.0
0.0
0.0
0.0
0.0
0.0
0.0
0.0
3.644667088679882
2.627961710408444
0.0
0.0
0.0
0.0
0.0
0.0
4.8734989388136185
0.0
7.16047614494885
0.0
5.522397783539471
0.0
0.0
0.0
0.0
3.3864985683445354
0.0
0.0
0.0
0.0
0.0
2.2869567780619007
0.0
0.0
0.0
0.0
0.0
0.0
3.0890553181566975
0.0
2.1476912089159055
0.0
3.7477767366779213
0.0
0.0
4.990049701936832
0.0
0.0
0.0
0.0
0.0
0.0
0.0
0.0
0.0
0.0
0.0
0.0
0.0
0.0
0.0
2.6707068119098882
0.0
0.0
0.0
0.0
0.0
0.0
0.0
3.7968017775955714
3.1085583786586426
0.0
0.0
0.0
0.0
0.0
0.0
0.0
4.300847718252331
0.0
0.0
2.5275658895144484
0.0
0.0
0.0
0.0
0.0
0.0
0.0
0.0
0.0
0.0
0.0
0.0
0.0
0.0
0.0
0.0
0.0
0.0
3.7477767366779213
0.0
3.42209762272661
0.0
2.445593937240363
0.0
0.0
4.167251645138561
0.0
0.0
4.278179264606695
0.0
0.0
0.0
0.0
0.0
0.0
0.0
0.0
0.0
0.0
0.0
0.0
0.0
0.0
0.0
0.0
0.0
0.0
0.0
0.0
0.0
0.0
0.0
0.0
0.0
0.0
0.0
0.0
0.0
0.0
0.0
4.266331692956901
0.0
0.0
0.0
0.0
0.0
0.0
0.0
0.0
0.0
0.0
0.0
0.0
0.0
0.0
0.0
0.0
0.0
0.0
0.0
0.0
0.0
0.0
0.0
0.0
0.0
0.0
0.0
0.0
0.0
0.0
0.0
0.0
0.0
0.0
3.7477767366779213
0.0
0.0
0.0
0.0
6.8324227195999585
0.0
0.0
0.0
0.0
0.0
0.0
0.0
5.815868174415823
0.0
0.0
0.0
0.0
0.0
0.0
0.0
0.0
0.0
0.0
0.0
0.0
0.0
0.0
0.0
0.0
6.870636427700047
0.0
0.0
0.0
0.0
0.0
0.0
0.0
3.1157290929555894
0.0
0.0
0.0
4.540013809283726
5.522397783539471
0.0
3.708659055657029
3.7238938287986976
0.0
2.5450723423460606
0.0
0.0
0.0
0.0
1.8155431088372649
0.0
0.0
0.0
0.0
0.0
0.0
0.0
0.0
0.0
0.0
0.0
0.0
0.0
0.0
3.056960239296902
10.122592925934278
0.0
0.0
8.116697886877475
0.0
0.0
0.0
1.5784309053930103
0.0
3.435488317233919
0.0
4.767707020457095
0.0
0.0
0.0
1.7956349284756952
5.522397783539471
0.0
0.0
0.7647708951721586
2.0540268312306345
0.0
0.0
9.22364410103253
0.0
0.0
1.3699439807202476
5.336597434165171
0.0
4.767707020457095
5.0735520042259505
0.0
0.0
0.0
6.754312828675707
2.458476536482737
2.2392970339022753
0.0
0.0
2.60859600387516
2.8265205879007453
2.0315766105349127
3.770871928326121
3.6766117401867273
3.149696072246702
2.3788503848266394
4.923026124015933
2.908317710573757
2.8842645504736155
0.0
0.5820564441072186
4.753622060013117
0.0
3.3864985683445354
1.8897852222361986
1.9822566267103439
0.0
2.0315766105349127
1.0332261061379784
2.8289458031628008
3.3449303459224256
2.719665272174911
2.60859600387516
0.0
2.2731543567022867
4.515183688171633
2.426532257432171
2.302876686963141
2.971717045858581
1.2414943415352928
4.215640217238498
2.8832175240842837
0.27494399600361996
2.1476912089159055
1.5099429744595725
2.452471008337642
6.285596338261262
5.522397783539471
0.0
3.7298577910273503
2.5828020030551087
1.6536434015815746
1.958224832501124
1.9852949681089909
3.3495035708457803
3.8600104158862654
0.0
3.377156414337854
0.0
3.0890553181566975
2.1904077266353736
3.2933284838220014
4.09669781588218
0.0
1.792860066160371
4.990049701936832
4.0341101701202575
2.8289458031628008
3.3495035708457803
1.7345617945636578
0.0
2.908317710573757
2.1027582541760537
0.0
2.156693969393992
2.9559265264674432
0.0
0.0
4.025660692278119
0.0
4.111695414936657
1.4593789147002254
0.0
7.5320673939867975
0.0
2.1277706909980765
0.0
0.0
2.302077893514382
0.0
5.197112497172873
0.0
0.0
3.2174093287959424
1.4042387286444455
2.711020190038818
15.97357760615681
1.3136337099095308
11.598050534200995
3.3495035708457803
2.634191962725227
2.8398387225677895
0.0
2.9737492414477473
1.6300753344054786
3.7477767366779213
0.0
1.5330462064343475
2.3788503848266394
0.0
0.0
2.1563101271914396
0.0
0.0
2.4074859035470344
0.0
1.1496934318043348
1.9662881636873142
4.062582855427254
10.670721614580264
8.984797156831853
0.0
1.727223799216787
0.0
2.153749340017052
0.0
2.873818909692149
3.708659055657029
3.0165524927300758
0.0
0.0
0.0
3.796254458388794
1.9081142568337384
4.553719184146073
0.0
5.6199559830533685
0.0
2.668595232947603
0.0
1.5099429744595725
1.8721971830722224
2.042946039568498
5.643423197451416
2.5540496664715904
6.434818657591886
0.0
3.7282699369415675
2.0315766105349127
4.478594067804551
11.631736348831648
6.772997136689072
5.522397783539471
2.742341580995955
0.0
0.0
5.026311785824354
2.06765816458244
3.051631151804552
1.6504045595709425
3.817681337429047
2.719665272174911
1.696134390396339
1.618404981182474
2.302876686963141
2.7385973411104616
0.0
9.51934081834847
1.3670175654149603
4.526601509693065
0.0
2.302876686963141
6.772997136689072
0.40004115368608806
2.4101234231485975
5.522397783539471
1.698797377536768
0.0
1.6890451996320215
0.0
1.1412212286076961
2.60859600387516
14.991106946711685
2.159701133933343
1.8483555109413787
0.0
1.6504045595709425
0.0
4.480836160121357
0.9596488401476516
4.923026124015933
6.803085237372876
1.0874245987006856
2.302077893514382
2.276859592073037
0.0
1.7557381354086663
0.47739553109369953
2.727336807403844
0.0
4.167409714462367
0.0
0.0
0.0
4.025660692278119
1.451184057126309
8.889175589171739
2.4101234231485975
0.0
0.0
1.9146030690102511
0.0
5.061867434834413
4.300847718252331
0.0
4.40002318338242
0.0
1.5821934551541403
2.35864181846352
7.410494411527525
4.02724819242185
1.5732934811145336
2.2796871594840864
0.0
0.0
7.16047614494885
2.9559265264674432
1.6504045595709425
4.085507150363302
3.471023784089875
4.529764185184151
2.0315766105349127
2.3901021968803136
2.0244462660665508
2.445593937240363
1.6037083902133962
5.823104384981076
6.772997136689072
2.916495972453022
0.0
0.0
2.60859600387516
5.412989186545263
2.431305593112535
1.8809835794699867
0.0
0.4533060144624593
0.0
3.6667626938642015
6.567274736060395
1.3514148991208201
0.0
3.0890553181566975
2.3788503848266394
1.8160849415439309
2.537856360538449
3.077061262737526
0.0
2.15852036483705
9.51934081834847
1.9623905504483115
0.0
4.904942016675285
2.5586897876995107
2.6737739141846273
0.0
3.644667088679882
3.7238938287986976
3.21858262703621
1.395224304672047
0.0
0.0
1.0808879966498337
2.60859600387516
1.7539413943549187
0.0
0.0
3.0890553181566975
0.0
2.8730831956184355
0.0
0.0
0.0
0.0
0.0
0.0
3.197383344450448
0.0
0.0
0.0
5.522397783539471
0.0
0.0
7.545383788761362
0.0
0.0
5.815868174415823
0.0
0.0
3.2530620447891696
0.0
1.5390168378161204
0.0
0.0
2.908317710573757
3.2174093287959424
0.0
2.719665272174911
0.0
0.0
0.0
0.0
0.0
0.0
4.300847718252331
0.0
0.0
0.0
0.0
0.0
0.0
0.0
0.0
0.0
4.196114906296549
5.693025330278465
0.0
0.0
0.0
7.253154775624655
2.627961710408444
12.44023474812678
0.0
0.0
6.567274736060395
0.0
0.0
0.0
0.0
0.0
0.0
0.0
0.0
0.0
0.0
0.0
0.0
0.0
0.0
0.0
0.0
2.6682865255867765
0.0
0.0
0.0
0.0
0.0
0.0
0.0
0.0
0.9502739606128267
0.0
9.688464563433238
1.0050877063301282
0.0
2.537856360538449
2.9381581998927433
0.0
0.0
0.0
2.1861264202662958
0.0
0.0
0.0
0.0
0.0
1.5880117714047368
7.859505256643253
3.3495035708457803
0.0
0.0
0.0
0.0
0.0
5.097103985522972
0.0
0.0
4.069582841180382
0.0
2.2325174503683516
0.0
0.0
0.0
0.0
0.0
4.196114906296549
0.0
0.0
0.0
0.0
0.0
0.0
0.0
0.0
0.0
0.0
0.0
0.0
2.732111648124769
0.0
0.0
0.0
0.0
0.0
0.0
4.196114906296549
0.0
0.0
0.0
0.6595563592376724
0.0
0.0
1.683602693167689
1.7539413943549187
0.0
5.522397783539471
2.339471153702664
0.0
6.870636427700047
0.0
0.0
2.8730831956184355
0.0
2.87746465401725
0.0
0.0
0.0
5.815868174415823
4.278179264606695
0.0
0.0
0.0
3.0890553181566975
0.0
0.0
0.0
0.7870921666513669
3.7477767366779213
0.0
0.0
0.0
0.0
0.0
0.0
2.8398387225677895
0.0
0.0
0.0
0.0
0.0
0.0
0.0
0.0
0.0
0.0
0.0
0.0
3.377156414337854
0.0
0.0
0.0
0.0
0.0
0.0
0.0
0.0
0.0
0.0
0.0
0.0
0.0
2.725762876425168
3.4585921141027356
1.8145107390449602
0.0
0.0
1.9146030690102511
0.0
0.0
0.0
0.0
0.0
0.0
0.0
0.0
0.0
0.0
0.0
0.0
4.767707020457095
0.0
0.0
0.0
0.0
0.0
0.0
0.0
0.0
0.0
2.17212999031354
0.0
0.0
0.0
0.0
2.445593937240363
0.0
0.0
0.0
0.0
0.0
0.0
0.0
0.0
0.0
0.0
0.0
0.0
2.627961710408444
0.0
0.0
0.0
0.0
0.0
0.0
0.0
0.0
0.0
0.0
1.9071414280313312
0.0
0.0
0.0
0.0
0.0
0.0
0.0
0.0
0.0
0.0
0.0
0.0
0.0
0.0
0.0
0.4533060144624593
0.0
0.0
0.0
7.562574664318593
0.0
0.0
0.0
0.0
0.0
0.0
0.0
0.0
0.0
0.0
0.0
0.0
0.0
0.0
0.0
0.0
0.0
0.0
0.0
0.0
0.0
0.0
0.0
0.0
0.0
0.0
0.0
3.673526562988939
0.0
0.0
0.0
5.522397783539471
5.08764122072739
0.0
0.0
2.605244243496221
0.0
0.0
0.0
0.0
0.0
0.0
0.0
0.0
8.170609724417774
0.0
0.0
0.0
0.0
0.0
0.0
0.0
0.0
3.7954847898457067
4.515183688171633
0.0
0.0
0.0
0.0
0.0
2.302876686963141
0.0
0.0
0.0
0.0
0.0
0.0
0.0
0.0
0.0
0.0
0.0
0.0
2.627961710408444
0.0
0.0
0.0
0.0
0.0
0.0
0.0
0.0
0.0
0.0
0.0
0.0
1.3787300115244054
0.0
11.044795567078939
5.854497694024015
12.44023474812678
4.935157841536379
0.0
0.0
0.0
0.0
0.0
0.0
0.0
0.0
0.0
0.0
0.0
0.0
0.0
0.0
0.0
1.180819313077548
0.0
2.0540268312306345
4.79981069911921
0.0
0.0
0.0
0.0
0.0
0.0
0.0
0.0
0.0
0.0
0.0
0.0
0.0
0.0
3.7477767366779213
0.0
0.0
0.0
0.0
0.0
0.0
0.0
0.0
0.0
0.0
0.0
0.0
0.0
0.0
0.0
0.0
0.0
0.0
0.0
0.0
0.0
0.0
0.0
0.0
0.0
0.0
0.0
0.0
0.0
0.0
0.0
0.0
4.79981069911921
0.0
4.762258298736168
0.0
0.0
0.0
3.7477767366779213
0.0
0.0
2.1619563671311695
1.8160849415439309
0.0
4.266331692956901
0.0
1.3643394208905164
0.0
0.0
0.0
0.0
2.6643211213888947
0.0
0.0
0.0
0.0
0.0
0.0
7.16047614494885
0.0
0.0
0.0
0.0
0.0
0.0
8.116697886877475
0.0
0.0
0.0
0.0
0.0
0.0
6.567274736060395
0.0
0.0
0.0
0.0
0.0
0.0
0.0
0.0
4.767707020457095
0.0
0.0
0.0
0.0
0.0
0.0
0.0
0.0
0.0
0.0
0.0
3.1085583786586426
0.0
0.0
0.0
11.044795567078939
0.0
0.0
0.0
0.0
0.0
0.0
0.0
0.0
0.0
0.0
0.0
14.127216461522432
0.0
0.0
10.122592925934278
0.0
0.0
0.0
0.0
1.3540902819918827
3.377156414337854
2.159701133933343
0.0
0.0
2.923637789252517
0.0
0.0
0.0
0.0
3.0372940354383413
3.3495035708457803
0.0
0.0
0.0
0.0
2.916495972453022
3.7477767366779213
4.767707020457095
4.767707020457095
0.0
3.5275023606301383
0.0
0.0
0.9298395269585749
0.0
2.634191962725227
3.377156414337854
0.0
0.0
0.0
0.0
0.0
0.0
4.79981069911921
0.0
0.0
0.0
5.693025330278465
0.0
0.0
0.0
0.0
0.0
0.0
0.0
0.0
0.0
0.0
0.0
1.8160849415439309
0.0
5.862502026550896
0.0
0.0
0.0
0.0
0.0
0.0
0.0
0.0
0.0
0.0
0.0
0.0
1.8110197178625276
0.0
0.0
0.0
0.0
0.0
4.9323515694897075
0.0
0.0
1.8716386091619874
2.60859600387516
0.0
1.2567539259667488
2.302077893514382
0.0
0.0
0.4823602475992777
0.0
0.0
0.0
0.0
0.0
0.8954307276600084
2.7757915716335906
1.6960680297236932
0.0
0.0
0.0
0.0
0.0
0.0
0.0
0.0
0.0
0.0
0.0
0.0
0.0
0.0
0.0
0.0
0.0
0.0
0.0
0.0
0.0
0.0
6.567274736060395
0.0
0.0
0.0
0.0
0.0
0.0
0.0
0.0
0.0
0.0
0.0
2.2869567780619007
0.0
3.7954847898457067
0.0
3.3864985683445354
0.0
0.0
0.0
0.0
0.0
0.0
0.0
0.0
0.0
0.0
0.0
1.5330462064343475
0.0
0.0
0.0
2.6682865255867765
8.334503290277123
5.522397783539471
0.0
0.0
0.0
12.703318703865365
3.1364240458810366
0.0
4.266331692956901
0.9596488401476516
0.0
0.0
3.377156414337854
0.0
0.0
0.0
4.79981069911921
0.0
0.0
0.0
0.0
0.0
0.0
0.0
0.0
0.0
0.0
4.266331692956901
0.0
0.0
0.0
0.0
0.0
0.0
0.0
0.0
0.0
0.0
19.716118825581447
0.0
0.0
2.6485681362909563
0.0
0.0
0.0
9.652434877402245
0.0
0.0
0.0
0.0
2.6374077368969155
0.0
0.0
0.0
0.0
0.0
0.0
0.0
0.0
0.0
0.0
0.0
0.0
0.0
0.0
0.0
0.0
0.0
0.0
0.0
0.0
0.0
0.0
0.8822199554945152
0.0
0.0
1.8483555109413787
2.2869567780619007
3.7238938287986976
0.0
3.817681337429047
0.0
0.0
3.3495035708457803
0.0
4.767707020457095
0.0
0.0
0.0
5.795599612995366
0.0
0.0
0.0
0.0
0.0
0.0
0.0
0.0
0.0
0.0
0.0
0.0
0.0
3.377156414337854
0.0
0.2918767892026305
0.0
0.0
0.0
0.0
0.0
0.0
0.0
0.0
2.1476912089159055
0.0
0.0
2.447822402834545
0.0
1.6571094803456863
3.7954847898457067
0.0
0.0
0.0
0.0
5.522397783539471
0.0
0.0
0.0
0.0
0.0
0.0
9.688464563433238
1.3353534059549443
0.0
0.0
0.0
1.8110800993753928
0.0
0.0
1.4971158614143294
1.744319569165376
0.0
0.0
0.0
0.0
0.0
0.0
0.0
0.0
0.0
0.0
0.0
0.0
0.0
4.271887705795468
0.0
10.682175159905848
1.5540456119337736
0.0
0.0
10.682175159905848
3.388241589628944
0.0
0.0
0.0
0.0
0.0
0.0
0.0
0.0
0.0
2.447822402834545
0.0
2.5642993454084824
3.708659055657029
0.0
0.0
1.5821934551541403
0.0
0.0
0.0
0.0
0.0
0.0
0.0
0.0
0.0
0.0
0.0
0.0
3.673526562988939
0.0
0.0
1.9852949681089909
0.0
0.0
0.0
0.0
0.0
0.0
0.0
0.0
0.0
0.0
0.0
0.0
0.0
0.0
0.0
0.0
0.0
0.0
0.0
0.0
0.0
0.0
0.0
0.0
0.0
0.0
0.0
0.0
0.0
0.0
0.0
0.0
0.0
0.0
0.0
0.0
0.0
0.0
0.0
0.0
5.522397783539471
7.545383788761362
6.567274736060395
4.767707020457095
0.0
0.0
1.3111910958201225
0.0
0.0
0.0
0.0
0.0
3.708659055657029
