1.4262733286728257
0.0
0.0
1.633898440122165
1.9146030690102511
1.286713095960916
2.2869567780619007
0.0
0.0
0.0
1.3494116947566301
0.0
3.482270899863668
0.0
0.0
1.958224832501124
0.0
1.5784309053930103
2.6643211213888947
0.0
0.0
4.767707020457095
0.0
0.0
1.7502348496399052
0.0
0.0
0.0
5.854497694024015
2.812739937159535
0.0
0.0
0.0
0.0
0.0
0.0
0.0
0.0
0.0
0.0
0.0
1.0885011049519644
2.1476912089159055
1.286713095960916
3.377156414337854
0.0
4.300847718252331
1.506189323093867
5.821935635427797
0.0
3.7477767366779213
0.0
1.9146030690102511
1.6504045595709425
7.545383788761362
0.0
0.0
0.0
0.0
0.0
1.286713095960916
0.0
0.0
0.0
1.4445809981770859
0.0
2.568331954752977
1.9146030690102511
0.0
1.7574239156849023
1.3113617852675474
1.4262733286728257
2.1563101271914396
2.4074859035470344
0.0
3.7644257151903666
4.990049701936832
1.199348129252962
0.0
0.0
1.7911710595643588
0.0
0.0
3.300809119141885
0.0
0.0
0.0
0.0
0.0
0.0
1.387819277861591
0.0
0.0
1.2414943415352928
0.0
1.5732934811145336
2.1476912089159055
0.0
0.0
1.1599713834969503
0.6193628179172647
1.0559717178170818
2.5540496664715904
0.918708060432945
0.0
0.0
0.0
0.0
0.0
1.286713095960916
1.0559717178170818
0.0
0.0
0.0
0.0
0.0
0.0
2.087736220588747
0.0
0.0
2.1476912089159055
1.2414943415352928
0.0
0.0
0.0
0.0
2.1904077266353736
2.4074859035470344
0.0
0.0
0.0
0.0
0.0
0.0
0.0
2.426532257432171
2.1601524349994397
3.2933284838220014
0.0
1.8160849415439309
0.8954307276600084
0.0
0.0
0.0
0.0
0.0
0.0
3.6321698830878617
0.0
3.3864985683445354
0.0
0.0
0.0
0.0
0.0
0.0
0.0
0.0
0.0
0.0
0.0
4.278179264606695
3.673526562988939
2.0244462660665508
0.0
2.2869567780619007
3.7477767366779213
0.0
0.0
6.567274736060395
0.0
0.0
0.0
0.0
0.0
0.0
4.065425428798724
0.0
1.727223799216787
0.0
7.809849842300637
2.908317710573757
0.0
1.199348129252962
0.0
0.0
4.196114906296549
0.0
0.0
2.445593937240363
0.0
0.0
0.0
0.0
2.0705706652424007
0.0
0.0
2.0274685852177114
0.0
0.0
0.0
0.0
0.0
0.0
0.0
1.1216940038341034
0.0
0.0
0.0
3.4544475984335747
0.0
0.0
3.3864985683445354
0.0
0.0
4.767707020457095
0.0
0.0
0.9432284668356838
0.0
0.0
0.0
1.1599713834969503
0.0
0.0
0.0
0.0
0.0
0.0
0.0
0.0
0.0
0.0
0.0
2.0244462660665508
0.0
0.0
0.0
0.0
0.0
0.0
2.1476912089159055
2.5197593442434796
5.815868174415823
0.0
2.448896697858474
3.5823421191287177
2.1601524349994397
2.5450723423460606
3.21858262703621
3.7477767366779213
0.0
3.2342452920962157
3.377156414337854
4.02724819242185
1.5301683686839007
0.0
0.0
0.0
0.0
19.716118825581447
0.0
0.0
0.0
0.0
2.1671320168371846
0.0
0.0
0.8321783954793125
0.0
3.7477767366779213
0.0
0.0
1.9146030690102511
0.0
0.9668670750672484
0.0
1.6276888006478718
0.0
2.0540268312306345
1.6504045595709425
5.522397783539471
0.0
0.0
0.0
0.0
3.1251907639724417
3.7477767366779213
0.0
5.522397783539471
0.0
3.377156414337854
0.0
1.5732934811145336
2.0244462660665508
0.0
0.0
0.0
0.0
0.0
0.0
0.0
0.0
1.1599713834969503
0.0
0.0
3.817681337429047
0.0
0.0
0.0
3.0890553181566975
0.0
0.0
2.1476912089159055
0.0
2.0244462660665508
0.0
0.0
0.0
0.0
1.0559717178170818
0.0
0.0
0.0
0.0
0.0
4.196114906296549
0.0
0.0
0.0
1.8160849415439309
0.0
0.0
0.0
0.0
0.0
0.0
1.8709718017288024
0.0
1.6466642419110007
0.0
0.0
0.0
0.0
3.1251907639724417
0.0
0.0
0.0
0.0
0.0
0.0
0.0
0.0
0.0
0.0
0.0
0.0
2.0244462660665508
0.0
3.3864985683445354
3.333744983027298
0.9044512123285878
0.0
5.061867434834413
0.0
0.0
0.0
1.8160849415439309
0.0
0.0
4.196114906296549
0.0
0.0
2.916495972453022
0.0
0.0
3.1085583786586426
0.0
2.1476912089159055
0.0
4.503733751056993
0.0
0.0
0.0
3.7954847898457067
0.0
1.4445809981770859
0.0
2.1671320168371846
0.0
1.9146030690102511
0.0
0.0
0.0
0.0
4.02724819242185
0.0
0.0
1.0134961585174012
1.9296337375807282
0.8049158307198027
1.7957265324799712
0.0
0.0
1.727223799216787
1.4763939041893883
1.5732934811145336
1.2557690800697192
0.0
0.0
0.0
2.0244462660665508
1.121617874316939
2.908317710573757
0.0
1.6466642419110007
0.0
0.0
0.0
3.2536023946370447
1.506189323093867
0.0
0.0
0.0
8.116697886877475
0.0
1.633898440122165
1.432548017297354
0.0
2.1476912089159055
0.0
0.0
0.0
0.0
0.8733042428534794
0.0
1.4763939041893883
0.0
0.0
0.0
0.0
1.8709718017288024
3.377156414337854
0.0
0.0
0.0
0.0
1.2944532586971997
0.0
0.0
0.0
0.0
0.7772751558853214
0.0
0.0
0.0
0.0
1.8709718017288024
0.0
0.0
0.0
4.019656738893367
0.0
0.0
0.0
0.0
0.0
0.0
1.727223799216787
0.0
0.0
0.0
0.0
0.0
0.0
0.0
0.0
6.770186228657864
0.0
1.8160849415439309
2.908317710573757
0.0
1.7911710595643588
1.8709718017288024
0.0
0.0
0.0
0.0
0.0
0.0
0.0
0.0
0.0
0.0
3.0890553181566975
0.0
0.0
0.0
0.0
0.0
6.471074162236759
2.1476912089159055
3.1251907639724417
0.0
3.7954847898457067
0.0
0.0
0.0
0.0
0.0
0.0
0.0
0.0
1.5732934811145336
0.0
1.3794462224541233
0.0
2.627961710408444
4.02724819242185
0.0
0.0
2.2731543567022867
0.0
0.0
0.0
0.0
0.0
1.6466642419110007
0.0
4.767707020457095
3.3864985683445354
0.0
0.0
10.682175159905848
2.4074859035470344
5.197112497172873
0.0
8.532663385913803
1.5732934811145336
0.0
0.0
0.0
0.0
0.0
0.0
0.0
0.0
0.0
0.0
3.673526562988939
0.0
0.0
0.0
0.0
3.673526562988939
0.0
0.0
0.0
4.767707020457095
0.0
2.8666091494718775
0.0
2.5540496664715904
0.0
0.0
0.0
0.0
2.8265205879007453
1.506189323093867
0.0
0.0
1.2090878038257866
0.0
2.445593937240363
5.669791110976001
2.8398387225677895
0.0
0.0
0.0
0.0
0.0
0.0
0.0
0.0
0.0
0.0
0.0
0.0
0.0
0.0
1.4763939041893883
0.0
0.0
1.6504045595709425
0.0
0.0
0.0
0.0
1.1599713834969503
0.0
0.0
0.0
0.0
0.0
0.0
0.0
1.4763939041893883
1.727223799216787
0.0
0.0
1.286713095960916
0.0
0.0
1.2414943415352928
0.0
0.0
0.0
0.0
2.2869567780619007
0.0
4.767707020457095
0.0
0.0
0.0
1.9146030690102511
0.0
0.0
1.5732934811145336
2.177002209903929
1.9146030690102511
0.0
3.435488317233919
0.0
1.5732934811145336
1.8160849415439309
0.0
4.196114906296549
1.432548017297354
2.627961710408444
2.445593937240363
0.0
0.0
1.4445809981770859
0.0
0.0
0.0
0.0
0.0
0.0
0.0
0.0
8.745825313180626
0.0
0.0
0.0
0.0
0.0
0.0
0.0
0.0
0.0
0.0
2.627961710408444
0.0
1.4445809981770859
0.0
0.0
0.0
0.0
1.7590773942055664
0.0
2.627961710408444
0.0
0.0
0.0
0.0
0.0
0.0
0.0
0.0
1.199348129252962
0.0
0.0
0.0
0.0
0.0
0.0
0.0
0.0
0.0
0.0
0.0
0.0
0.0
0.8733042428534794
0.0
0.0
0.0
0.0
3.2933284838220014
0.0
0.0
0.0
0.0
0.0
3.7477767366779213
1.6466642419110007
4.767707020457095
0.0
0.0
0.0
2.2731543567022867
0.0
0.0
0.0
0.0
0.0
0.0
0.0
1.3353534059549443
1.5301683686839007
0.0
1.2414943415352928
0.0
0.0
0.0
0.0
3.7477767366779213
0.0
0.0
0.0
0.0
0.0
0.0
0.0
0.0
0.0
0.0
0.0
0.0
4.540013809283726
0.0
0.0
0.0
2.627961710408444
0.0
0.969094302009921
0.0
4.456882760699063
6.870636427700047
0.0
2.0540268312306345
0.0
0.0
1.958224832501124
1.3353534059549443
0.0
0.0
0.0
1.958224832501124
1.3494116947566301
0.0
1.1612717087612114
2.82085298525061
0.0
1.8709718017288024
0.0
0.0
0.0
0.0
0.0
0.0
0.0
6.567274736060395
1.5301683686839007
8.745825313180626
0.0
2.952787808378777
0.0
0.0
2.0244462660665508
15.97357760615681
1.5732934811145336
1.389736936231864
0.0
0.0
0.0
0.0
0.0
0.0
1.2931730698038337
1.387819277861591
1.2944532586971997
0.0
1.395224304672047
3.673526562988939
4.196114906296549
1.184949136625139
0.0
2.8398387225677895
0.0
1.4445809981770859
4.34373789135831
0.0
1.9011755113058346
9.287528999566801
0.0
1.1599713834969503
0.9044512123285878
4.34373789135831
1.8564670505078418
2.042946039568498
1.2414943415352928
1.1524538390587937
2.568331954752977
1.958224832501124
6.191082705295718
8.097785064266205
4.699443186217678
3.2415051476278265
10.398089766078938
3.7477767366779213
5.061867434834413
1.7176188460170134
0.0
3.5222325129674403
6.8179839929677115
1.3794462224541233
2.276859592073037
1.9240848598265397
1.8709718017288024
0.0
2.458476536482737
1.7643418208105224
4.048892532133102
2.2731543567022867
2.6643211213888947
3.4089919964838553
2.8665548435542236
2.0752738657056446
4.02724819242185
2.4617934274488045
2.908317710573757
1.8243470916439593
4.480836160121357
1.1599713834969503
2.165775278884604
1.82680755836395
1.7911710595643588
2.1970900464782472
1.4763939041893883
5.061867434834413
0.0
0.0
3.745640979211903
2.4386622221532948
2.2796871594840864
1.7179060012299232
4.334264033674369
4.016138436407654
2.5058623314122577
1.199348129252962
6.837203339116283
1.286713095960916
2.627961710408444
2.0540268312306345
2.775638555723182
4.108053662461269
0.0
3.211547431691929
2.8398387225677895
5.573363730445222
5.855164519178106
4.02724819242185
3.632928877985223
0.0
1.286713095960916
2.2731543567022867
2.923637789252517
2.159701133933343
3.6353588668522963
0.0
2.2731543567022867
2.2731543567022867
3.7477767366779213
6.109833740738946
1.5280997114673687
0.0
7.964191616699299
4.955725306405571
2.568331954752977
0.0
1.6532587556583624
2.5450723423460606
0.9432284668356838
1.2193311110766474
1.1599713834969503
0.0
2.8398387225677895
3.0532163871777716
4.570928117310813
0.0
1.5883027492953543
2.4074859035470344
3.2933284838220014
1.4262733286728257
10.552670315936318
1.199348129252962
1.6934096677198087
1.2557690800697192
0.0
0.0
1.6466642419110007
2.862999365766888
0.0
0.0
2.8316557261689024
0.0
0.0
7.347053125977879
0.0
1.5784309053930103
2.01381482546679
2.9859662827819125
11.114924776032012
11.306082351602983
0.0
0.0
0.0
2.7376474102577792
1.3353534059549443
3.0078398551333114
0.8733042428534794
2.568331954752977
0.0
0.0
0.0
4.909289526088913
4.556667604132135
4.141141330484801
3.7477767366779213
2.1536897181821484
0.0
2.676151223648335
2.3901021968803136
1.092534162077208
1.8300565547874381
1.9050169756515931
2.7794738724637273
1.958224832501124
14.991106946711685
0.0
4.150547731411289
5.771298850643905
1.8884748972625875
20.556680845025987
3.737437943747671
0.0
2.583112439191653
2.4074859035470344
3.0235785635823293
2.6643211213888947
2.4347130516557893
3.834441470041214
6.330984178784958
0.0
2.6643211213888947
2.0705706652424007
1.4763939041893883
1.5301683686839007
5.439330544349821
0.0
9.22364410103253
1.5763060777242128
4.141141330484801
0.0
1.7179060012299232
1.506189323093867
1.3862040232457766
2.252278368576829
4.9323515694897075
1.2944532586971997
0.0
2.4371431437250504
18.798317647335093
3.7419436034576044
2.908317710573757
6.772997136689072
4.776946190850103
2.6629879653210753
2.159701133933343
13.065113298388567
1.9146030690102511
4.814971807094068
7.544094011286636
0.0
4.237713199752784
9.419061411983327
2.8629993657668873
3.3864985683445354
1.7911710595643588
2.159701133933343
2.15852036483705
4.344109103419242
3.377156414337854
3.5410607693940146
6.285596338261262
0.0
0.0
2.1671320168371846
1.634399749728147
4.553719184146073
1.9822566267103439
0.9451258377819046
2.9859662827819125
1.4104555382959003
0.0
3.21858262703621
2.0540268312306345
0.0
2.4781895402582057
3.817681337429047
3.0372940354383413
5.32864224277779
7.347053125977879
2.719665272174911
1.8160849415439309
4.559374318968172
0.0
0.0
0.0
3.8229746997386345
2.3968692309050215
3.4585921141027365
3.4585921141027356
4.048346741523882
2.3788503848266394
5.023076320278877
2.908317710573757
6.191082705295718
2.045123096851001
4.019656738893367
4.295382417831811
3.1934960455974277
0.0
5.42821064703297
4.891187874480726
4.019656738893367
3.05662259476214
3.4332091189629876
4.334264033674369
1.87373517027261
1.5732934811145336
3.5198870526684183
6.567274736060395
3.8090624652660154
1.9146030690102511
8.054496384843702
1.9146030690102511
1.432548017297354
6.085624201234121
2.5785713549430027
5.522397783539471
3.770678435743331
3.0890553181566975
4.122623223639336
1.286713095960916
0.0
4.814971807094068
3.3582360261774293
0.0
3.5148478313698046
5.854497694024015
1.387819277861591
6.294455822557674
1.5883027492953543
1.8709718017288024
3.7578245757428794
3.716499092256817
0.0
12.44023474812678
0.0
0.0
0.0
1.6934096677198087
5.693025330278465
0.0
0.0
0.0
0.0
0.0
4.499687167704877
0.0
9.688464563433238
0.0
2.445593937240363
0.0
0.0
0.0
0.0
0.0
1.038539619163422
0.0
0.0
1.0559717178170818
0.0
1.5863148730547674
0.0
0.9964194812460634
3.4162113597999784
2.8398387225677895
4.935157841536379
2.0244462660665508
1.387819277861591
0.0
0.0
0.0
0.0
2.159701133933343
0.0
0.0
1.4091499441909465
0.0
0.0
0.0
0.0
0.0
0.0
2.0244462660665508
4.767707020457095
0.0
0.0
0.0
0.0
0.0
1.4763939041893883
0.0
0.0
0.8733042428534794
6.567274736060395
0.0
0.0
0.0
0.0
1.6466642419110007
0.0
0.0
0.0
0.0
0.0
0.0
4.767707020457095
0.0
0.0
2.6682865255867765
0.0
4.266331692956901
0.0
0.0
0.0
0.0
1.1599713834969503
0.0
0.0
2.8398387225677895
1.790549705001362
0.0
1.286713095960916
1.6617494055662623
0.0
2.1563101271914396
2.9799893137327635
0.0
0.0
0.0
2.21209733246487
0.0
1.9146030690102511
0.0
2.627961710408444
0.0
1.286713095960916
0.0
1.123099644603982
0.0
0.0
0.0
0.0
1.1599713834969503
2.6711961764401657
0.0
0.0
1.7911710595643588
0.0
2.732111648124769
0.0
0.0
0.0
0.0
0.0
0.0
0.0
0.0
0.0
0.0
0.0
0.0
0.0
0.969094302009921
4.839576869824698
0.0
0.0
2.4074859035470344
0.0
0.0
2.276859592073037
0.0
0.0
0.0
4.196114906296549
1.8160849415439309
4.767707020457095
0.0
0.0
3.300809119141885
0.0
2.8398387225677895
3.673526562988939
1.826472886268134
0.0
1.0559717178170818
1.7117837248698375
0.0
0.0
0.0
0.0
3.3449303459224256
1.1599713834969503
4.262419329641965
1.9146030690102511
0.0
0.0
4.767707020457095
1.5301683686839007
0.0
4.196114906296549
0.0
4.767707020457095
0.0
4.767707020457095
2.9559265264674432
1.5732934811145336
4.196114906296549
0.0
0.0
0.0
0.0
0.0
0.0
0.0
4.196114906296549
0.0
0.0
0.0
1.4445809981770859
1.3355980882200826
0.0
0.0
0.8954307276600084
0.0
0.0
2.627961710408444
0.0
1.199348129252962
0.0
0.0
0.0
0.0
0.0
0.0
0.0
0.0
1.387819277861591
0.0
0.0
0.0
2.0540268312306345
1.7179060012299232
2.2789551664661816
0.0
0.0
3.3864985683445354
0.0
1.3353534059549443
0.0
1.387819277861591
0.0
0.0
0.0
1.3353534059549443
0.8954307276600084
0.0
0.0
0.0
8.116697886877475
0.0
0.0
0.0
0.0
0.0
0.0
0.0
0.0
0.0
2.988662868962178
0.0
2.5540496664715904
1.4780822562194806
0.0
4.048892532133102
2.5540496664715904
0.0
0.0
0.0
3.0890553181566975
0.0
0.0
0.0
0.9432284668356838
0.0
0.0
0.0
1.506189323093867
0.0
0.0
0.0
0.0
0.0
0.0
0.0
0.0
0.0
5.693025330278465
2.055847707468329
0.0
0.0
0.0
3.21858262703621
0.0
0.0
0.0
0.0
0.0
0.0
0.0
0.0
0.0
0.0
0.0
3.359535423334896
0.0
0.0
0.0
4.101324641246727
6.870636427700047
2.0244462660665508
0.0
0.0
0.0
0.0
0.0
0.0
0.0
0.0
0.0
0.0
0.0
0.0
0.0
4.196114906296549
2.1476912089159055
0.0
0.0
0.0
0.0
0.0
0.0
0.0
0.0
0.0
0.0
1.0885011049519644
0.0
0.0
0.0
4.02724819242185
2.3372496156461082
0.0
0.0
0.0
0.0
0.0
2.1476912089159055
0.0
0.0
0.0
0.0
7.253154775624655
0.0
0.0
4.456882760699063
0.0
0.0
0.0
0.0
0.0
0.0
3.7477767366779213
3.673526562988939
0.0
0.0
0.0
1.432548017297354
3.673526562988939
3.21858262703621
0.0
1.2557690800697192
0.0
0.0
0.0
0.0
2.0244462660665508
0.0
0.0
0.9668670750672484
0.0
0.0
1.5732934811145336
0.0
0.0
0.0
0.0
0.0
0.0
0.0
2.1476912089159055
0.0
1.3353534059549443
0.0
0.0
1.6504045595709425
1.286713095960916
0.0
4.196114906296549
0.0
4.935157841536379
0.0
0.0
1.286713095960916
5.876350803261633
0.0
2.445593937240363
3.1251907639724417
2.5197593442434796
0.0
0.0
1.7179060012299232
1.826472886268134
0.0
0.0
0.0
1.6504045595709425
0.0
0.0
3.0890553181566975
0.0
0.0
0.0
0.0
1.0253311603116817
0.0
0.8522452865706931
0.0
0.0
0.0
0.0
0.0
8.116697886877475
0.0
8.116697886877475
0.0
0.0
0.0
0.0
0.0
0.0
0.0
0.0
0.0
3.7477767366779213
0.0
0.0
0.0
0.0
0.0
0.0
0.0
0.0
2.1476912089159055
0.0
0.0
0.0
0.0
0.0
0.0
0.0
0.0
0.0
0.0
0.0
0.0
0.0
2.627961710408444
1.5880117714047368
1.7911710595643588
0.0
0.0
0.0
0.0
0.0
4.196114906296549
1.5784309053930103
3.673526562988939
3.3864985683445354
0.0
0.0
1.4763939041893883
0.0
0.0
0.0
3.235912122544166
1.6934096677198087
4.196114906296549
2.908317710573757
2.445593937240363
0.0
1.0885011049519644
0.0
0.0
0.0
1.199348129252962
16.233395773754953
0.0
2.4074859035470344
0.0
8.116697886877475
0.0
0.0
0.0
0.0
0.0
0.0
10.552670315936318
0.0
0.0
0.0
0.0
0.0
0.0
0.0
0.0
4.196114906296549
0.0
0.0
0.0
0.0
0.0
0.9896324688555468
5.693025330278465
0.0
0.0
0.0
0.0
1.3355980882200826
0.0
0.0
0.0
0.0
0.0
0.0
0.0
0.0
0.0
2.2869567780619007
0.0
2.302077893514382
0.0
0.0
0.0
0.0
0.0
0.0
2.8398387225677895
1.4262733286728257
0.0
0.0
0.0
1.2414943415352928
1.3494116947566301
1.8160849415439309
2.5540496664715904
0.0
2.458476536482737
0.0
0.0
0.0
0.0
1.6794256847485503
3.377156414337854
0.0
0.0
0.0
1.2753998269755913
5.401157445454033
0.0
1.8160849415439309
0.0
0.0
3.7954847898457067
0.0
0.0
1.826472886268134
1.4763939041893883
1.0134961585174012
1.4445809981770859
3.0890553181566975
1.1599713834969503
0.0
0.0
0.0
0.0
0.0
0.0
0.0
3.3864985683445354
4.196114906296549
0.0
0.0
0.0
3.6321698830878617
0.0
0.0
0.0
0.0
0.0
0.0
0.0
1.727223799216787
0.0
1.199348129252962
0.0
0.0
0.0
5.522397783539471
0.0
0.0
0.0
0.0
0.0
0.0
0.0
0.0
1.3339264902154053
0.0
0.0
0.0
0.0
0.0
9.442944296079734
1.5880117714047368
5.693025330278465
1.4091499441909465
0.0
1.8160849415439309
2.5785713549430027
1.5393730252811677
0.0
2.4074859035470344
2.1300733682208985
0.0
0.0
0.0
0.0
1.9146030690102511
1.286713095960916
1.387819277861591
1.389736936231864
0.0
0.0
1.1599713834969503
0.0
0.0
0.0
0.0
0.0
0.0
0.0
1.0885011049519644
0.0
0.0
0.0
0.0
5.971932565563826
0.0
0.0
0.0
0.0
0.0
0.0
3.0890553181566975
0.0
0.0
0.0
1.038539619163422
0.0
1.8160849415439309
1.9822566267103439
0.0
0.0
0.0
1.092534162077208
3.3864985683445354
0.0
1.7557381354086663
0.0
1.4780822562194806
0.0
0.0
1.9146030690102511
0.0
2.0244462660665508
0.0
0.0
0.0
0.0
0.0
0.0
0.0
0.0
1.526608193588886
0.0
4.278179264606695
9.442944296079734
9.688464563433238
4.196114906296549
1.286713095960916
12.44023474812678
12.44023474812678
0.0
1.0253311603116817
3.1251907639724417
1.826472886268134
0.0
4.767707020457095
3.7644257151903666
1.2414943415352928
0.0
1.0559717178170818
0.0
0.0
0.0
0.0
0.0
0.0
0.0
0.0
0.0
0.0
0.0
4.300847718252331
1.387819277861591
0.0
0.0
0.0
0.0
0.0
0.0
0.0
0.0
0.0
0.0
0.0
0.0
0.0
0.0
1.506189323093867
1.5880117714047368
1.0134961585174012
0.0
0.0
0.0
0.0
0.9432284668356838
2.489353418393197
0.0
0.0
0.0
0.0
0.0
0.0
0.0
0.0
4.196114906296549
0.0
2.0244462660665508
0.0
0.0
0.0
0.0
2.1476912089159055
0.0
0.0
0.0
0.0
0.0
1.1096124903309477
0.0
3.7477767366779213
1.526608193588886
1.6504045595709425
2.8398387225677895
0.0
2.276859592073037
1.5784309053930103
8.116697886877475
1.6466642419110007
10.552670315936318
0.0
0.0
4.266331692956901
0.0
5.795599612995366
1.8160849415439309
1.0559717178170818
0.0
0.0
0.0
0.0
0.0
0.0
0.0
0.0
0.0
0.0
0.918708060432945
2.627961710408444
0.0
1.696134390396339
0.0
0.0
0.0
0.0
0.0
0.0
0.0
1.7911710595643588
3.21858262703621
0.0
2.2869567780619007
2.1476912089159055
0.0
1.9428574714033409
2.627961710408444
0.0
1.0885011049519644
6.870636427700047
0.0
3.673526562988939
0.0
8.116697886877475
2.916495972453022
0.0
0.0
0.0
0.0
1.5732934811145336
0.0
0.0
0.0
1.389736936231864
0.0
0.0
2.8525466573456515
3.300809119141885
0.9964194812460634
0.0
0.0
0.0
0.0
0.0
10.552670315936318
0.0
0.0
2.452471008337642
0.0
0.0
2.908317710573757
1.5883027492953543
2.159701133933343
1.3353534059549443
1.229721858538738
0.0
2.159701133933343
1.3353534059549443
3.388241589628944
0.0
0.0
4.767707020457095
0.0
0.0
0.0
0.0
0.0
1.5732934811145336
3.0266181377145767
1.4445809981770859
2.4426495029761353
2.4074859035470344
0.0
1.7179060012299232
1.6504045595709425
2.2869567780619007
1.4262733286728257
0.0
0.0
0.0
0.0
0.0
0.0
0.9432284668356838
0.0
0.0
1.8749089613133423
3.377156414337854
0.0
0.0
1.4091499441909465
0.0
0.0
0.0
0.0
0.0
0.0
0.0
0.0
1.7911710595643588
0.0
0.0
4.8734989388136185
0.0
0.0
3.7477767366779213
0.0
0.0
0.0
0.0
0.0
4.767707020457095
3.7477767366779213
0.0
0.0
1.4445809981770859
0.0
1.2193311110766474
4.767707020457095
0.0
0.0
0.0
0.0
0.0
0.0
0.0
0.0
0.0
0.0
1.286713095960916
0.0
24.446151121745054
1.7179060012299232
1.8160849415439309
0.0
0.0
0.0
1.3794462224541233
0.0
0.0
0.0
0.0
0.0
0.0
