5.132575833120712
19.37692912686648
0.0
0.0
4.9787068367863965
7.247039268295429
3.0272532566104675
6.228496954013446
10.56964613041054
3.7675652134077953
5.0243511979240845
21.3643503198117
1.9149728414705296
6.292629179093714
9.874690830109694
3.2090528769319926
7.62629178718672
2.721555614269259
4.553719184146073
3.177129150313957
7.524479007734289
9.490276905221062
1.585358648638178
4.148714484979892
3.8165864050534144
7.118086763213208
2.9846088610824584
7.545339613823573
2.8469102498727925
1.765560410820437
7.635362674858095
6.108856034274834
13.635967985935418
2.7783371400405095
15.74388460998318
7.635362674858095
4.02724819242185
3.2525808457905
2.3770532797338135
23.82939784364074
0.0
32.66828640925501
39.43223765116288
0.0
27.516060407455225
4.9787068367863965
12.613306740151865
7.823069335497131
2.662892390459331
5.537655236128016
10.682175159905848
11.339582221952005
4.6615386659401405
4.069582841180382
2.801695585069392
7.603985612048923
6.256118460580956
3.211547431691929
5.42821064703297
3.102160927976006
7.11586419732111
4.02724819242185
2.634169649402235
4.2012204247882226
13.757737895680034
4.181499364620229
1.6926893304263946
5.460484429795905
100.00000000000004
10.77358128813485
2.1275253488900123
1.6701777430699283
6.701743837696635
100.00000000000004
9.015951791452716
5.418957851707593
3.8857671020351625
2.0315766105349127
6.999461716671591
4.456882760699063
8.18936590923514
3.468317761317914
5.667027332230972
4.406306339938217
2.7032360411086658
2.7282027350833387
9.364337313929381
3.4331054109918173
5.815868174415823
1.4287198931016762
2.416027466056967
7.450556887552446
3.6269533960613622
1.9850103842114872
3.7146100673051112
3.739277016277878
3.018036840807235
3.1767169224574134
3.2387383138731036
3.5691865424232274
0.0
1.4313652485834
2.291335978780497
1.742615402339343
3.7748047530188464
1.857036648190755
1.106012033590054
3.5565618189792816
4.091092899898373
16.295846120958622
1.3644571010496758
3.0372940354383413
2.8099817702511314
5.847275578505034
2.671304240731639
12.994076358479543
1.6422862001302838
13.530014230198383
2.695984008681938
7.410423636448432
4.643801996728127
3.6401050128529837
7.155930538247153
4.580142861049254
4.9023556188821376
4.920511841968741
1.3082323256145374
10.054034297273331
1.866455476068894
2.502550918884782
9.22364410103253
3.4974570906905234
5.200617783561714
4.611158870444821
3.4923463917870596
2.607459271006266
2.98745248159422
1.9169807603100912
2.1430514981399353
17.92368844108958
4.767707020457095
2.7113595655290568
3.018036840807235
4.955970694341068
2.761970300906192
5.630400552901077
2.5099392724571405
3.3864985683445354
1.9355518025914593
19.424207312734914
1.3227698110391084
3.0002370282584896
7.276889066524177
2.1730050996918813
1.2769182899837683
100.00000000000004
4.091092899898373
100.00000000000004
3.737437943747671
9.515401539306557
100.00000000000004
4.581080308536902
100.00000000000004
2.1361246127724347
6.299392144493405
1.6984700578014562
15.33584608248073
6.413885305524152
1.9521690441158932
0.0
0.0
6.344268702916833
39.43223765116288
27.516060407455225
19.716118825581447
3.8790753878739217
5.435780239272011
21.3643503198117
100.00000000000004
17.69677865971895
100.00000000000004
8.142243168015076
100.00000000000004
7.7426364109627785
2.1476428668150396
0.0
21.283887316959504
39.43223765116288
0.0
21.02241038134286
4.9787068367863965
12.281224820795572
7.823069335497131
2.662892390459331
5.537655236128016
10.682175159905848
100.00000000000004
6.796747913877207
4.069582841180382
2.801695585069392
7.061202239615575
2.276859592073037
23.045806594604677
1.4799619536428206
4.02724819242185
14.92163331111793
3.0949782110392596
1.4945407105672606
9.823159983530848
6.546816760581886
20.333932780422003
100.00000000000004
2.634169649402235
4.2012204247882226
8.967738108649238
5.674332518955493
10.388612402006492
6.803085237372876
14.489206112270937
100.00000000000004
12.854865542367811
7.799318848481241
3.8857671020351625
0.8300941031787623
4.456882760699063
13.045923412418038
3.468317761317914
2.135381832890699
8.606119900909883
4.990049701936832
100.00000000000004
4.406306339938217
100.00000000000004
2.7032360411086658
100.00000000000004
0.9723738887971639
9.364337313929381
3.2909945192327683
100.00000000000004
5.815868174415823
100.00000000000004
1.5387008604973527
2.416027466056967
100.00000000000004
15.746231812869048
5.319141126127975
1.9651001128570365
100.00000000000004
1.7320275105337815
3.9523284329018833
2.153749340017052
3.018036840807235
100.00000000000004
3.1767169224574134
8.897078816288454
3.5691865424232274
100.00000000000004
4.777687663393236
100.00000000000004
6.7602298845717375
100.00000000000004
1.4313652485834
100.00000000000004
1.2306727887056674
1.742615402339343
100.00000000000004
2.980923816756798
100.00000000000004
1.0245905314295012
3.5565618189792816
100.00000000000004
9.205911186898566
1.3644571010496758
3.0372940354383413
100.00000000000004
2.8099817702511314
5.847275578505034
2.671304240731639
100.00000000000004
6.713096810717904
11.94506407803826
2.4963762606815623
7.410423636448432
100.00000000000004
7.245284824865639
6.979249983738688
4.580142861049254
100.00000000000004
4.9023556188821376
100.00000000000004
4.920511841968741
100.00000000000004
1.3082323256145374
10.054034297273331
1.866455476068894
2.502550918884782
2.4420147124934024
5.200617783561714
4.489125504811905
2.8658641812709207
2.607459271006266
2.98745248159422
1.5996686545912897
5.894146159409778
100.00000000000004
18.970563694919164
4.767707020457095
100.00000000000004
2.7113595655290568
3.018036840807235
4.955970694341068
2.761970300906192
5.630400552901077
100.00000000000004
2.2008038097333036
3.3864985683445354
100.00000000000004
1.9355518025914593
19.424207312734914
1.3227698110391084
3.0002370282584896
100.00000000000004
6.953546478416145
2.1730050996918813
1.2769182899837683
100.00000000000004
4.091092899898373
100.00000000000004
3.737437943747671
9.515401539306557
100.00000000000004
3.3422236734888515
100.00000000000004
2.059181229713454
6.299392144493405
1.6984700578014562
15.33584608248073
6.413885305524152
1.9521690441158932
25.694343649393552
39.43223765116288
0.0
24.840753130578644
4.9787068367863965
10.373863210985114
7.823069335497131
2.662892390459331
5.537655236128016
10.682175159905848
100.00000000000004
7.494167035228993
6.23145818591118
8.288830686212098
100.00000000000004
7.061202239615575
3.018036840807235
100.00000000000004
18.40598775095172
2.4667752281619473
4.02724819242185
2.634169649402235
4.2012204247882226
11.372739838620326
3.271728202251467
100.00000000000004
10.77358128813485
2.1275253488900123
1.4945407105672606
5.016423264765887
100.00000000000004
12.63195297456182
8.032390354478576
3.8857671020351625
0.8300941031787623
4.456882760699063
11.934387032837982
3.468317761317914
4.406306339938217
2.7032360411086658
100.00000000000004
0.9723738887971639
9.364337313929381
3.2909945192327683
100.00000000000004
5.815868174415823
100.00000000000004
1.4713651280859699
2.416027466056967
100.00000000000004
15.874376125672237
1.7621028131586192
100.00000000000004
1.5491604356592996
3.9523284329018833
3.9438444449522216
3.018036840807235
100.00000000000004
3.1767169224574134
8.56138059413846
3.5691865424232274
100.00000000000004
4.777687663393236
100.00000000000004
1.4798815361635198
100.00000000000004
1.2306727887056674
1.742615402339343
100.00000000000004
1.6116681235600534
1.857036648190755
100.00000000000004
1.0245905314295012
3.5565618189792816
100.00000000000004
9.205911186898566
1.3644571010496758
3.0372940354383413
100.00000000000004
2.8099817702511314
5.847275578505034
2.671304240731639
100.00000000000004
9.466628251191432
11.94506407803826
2.4963762606815623
7.410423636448432
100.00000000000004
7.245284824865639
6.979249983738688
4.580142861049254
100.00000000000004
4.9023556188821376
100.00000000000004
4.920511841968741
100.00000000000004
1.3082323256145374
10.054034297273331
1.866455476068894
2.502550918884782
2.4420147124934024
5.200617783561714
4.611158870444821
2.8658641812709207
2.607459271006266
2.98745248159422
1.6694274219040879
5.894146159409778
100.00000000000004
18.970563694919164
4.767707020457095
100.00000000000004
2.7113595655290568
3.018036840807235
4.955970694341068
2.761970300906192
5.630400552901077
100.00000000000004
2.2008038097333036
3.3864985683445354
100.00000000000004
1.9355518025914593
19.424207312734914
1.3227698110391084
3.0002370282584896
100.00000000000004
6.953546478416145
2.1730050996918813
3.849237437156086
1.2769182899837683
100.00000000000004
6.839596061560946
100.00000000000004
3.737437943747671
9.515401539306557
100.00000000000004
5.172982252629774
100.00000000000004
2.1361246127724347
6.299392144493405
3.29696737457855
14.832342806480865
6.413885305524152
4.196114906296549
18.759202316167208
9.442944296079734
3.906015858413236
6.187710739214961
21.3643503198117
100.00000000000004
5.695876915031032
7.269473234457918
100.00000000000004
2.51377717032419
100.00000000000004
11.972711525445066
100.00000000000004
8.18936590923514
2.1440371673287992
3.1743251572381714
6.231803227593409
12.989750322243596
100.00000000000004
10.837643071072675
20.56720080489576
100.00000000000004
5.070453233664987
100.00000000000004
3.475734742579286
1.696134390396339
5.477194682220922
100.00000000000004
16.389485794782082
6.357584232238136
100.00000000000004
1.9355518025914593
3.3932762646377532
100.00000000000004
1.7954191306802214
2.3643671216056736
2.597153100501624
100.00000000000004
2.9052163892151492
14.56833652907103
100.00000000000004
12.420735362477307
4.167251645138561
3.929752628321626
3.755001157177446
2.564755813286796
5.617199498008724
11.310598110843994
13.714776985037803
39.43223765116288
0.0
21.02241038134286
4.9787068367863965
7.495553473355845
100.00000000000004
7.033614183560096
7.768562846380176
12.40032278494007
2.8316557261689024
13.772816872553612
5.669791110976001
100.00000000000004
4.896627602978773
0.26569232734887793
100.00000000000004
0.0
3.149696072246702
10.597756045990826
11.339582221952005
100.00000000000004
10.552670315936318
4.194930905450255
7.996444079696609
3.9016631127179084
9.345091860762494
6.772997136689072
1.8649450232212197
4.352566098612775
2.0749278485695855
6.541868941754435
7.835643838636099
6.315134024688132
2.1617886496312457
100.00000000000004
11.307548193867424
100.00000000000004
0.0
2.6227541263820755
3.4585921141027356
100.00000000000004
9.846052248031867
13.912311644176565
39.43223765116288
0.0
27.516060407455225
4.9787068367863965
7.495553473355845
100.00000000000004
9.22364410103253
6.870636427700047
10.219903543618019
7.430353459603121
2.4781895402582057
13.772816872553612
5.669791110976001
100.00000000000004
4.896627602978773
6.870636427700047
0.26569232734887793
100.00000000000004
0.0
3.149696072246702
10.597756045990826
100.00000000000004
0.0
4.194930905450255
11.024049871610053
3.9016631127179084
9.345091860762494
6.772997136689072
1.2212703117157306
2.4279169983468813
2.0749278485695855
6.541868941754435
11.121234698968381
6.315134024688132
2.1617886496312457
100.00000000000004
10.917176759192731
100.00000000000004
9.846052248031867
0.0
7.07824597648233
39.43223765116288
27.516060407455225
19.716118825581447
3.124719790499494
100.00000000000004
24.880469496253564
2.3901021968803136
27.516060407455225
7.635362674858095
17.14049169603588
4.638962162565352
21.3643503198117
100.00000000000004
0.0
100.00000000000004
2.2794332066926404
2.981638351639277
3.304891281032304
2.6549256363457783
5.502864961063114
4.053997537205932
19.98403192339914
4.814971807094068
13.545994273378144
4.167251645138561
6.916271812933183
2.9448420713070953
1.5597579745575245
1.7789244369564978
16.669006580554246
2.9579873965912293
1.4767281134317447
0.0
100.00000000000004
7.892952624760154
100.00000000000004
1.399423507257678
0.42395128449615826
2.6898697508531777
0.0
100.00000000000004
1.9300431450765245
100.00000000000004
1.6046769132577385
4.8589719316429765
7.859505256643253
100.00000000000004
1.6966381323188768
1.230041116872699
100.00000000000004
2.8529411390232875
100.00000000000004
2.4579355141269263
3.4043993726923047
2.9633642904619544
2.4579045377528166
6.830907061783697
3.003548065234174
2.0704810770217383
3.034753342310348
7.222353013881058
100.00000000000004
3.1353146599067223
1.9923609798748234
100.00000000000004
1.8512509556591454
4.300847718252331
2.950148633509371
100.00000000000004
3.81993628049082
4.8438253172160035
3.3772362697478884
2.577923329402396
1.6913956476085643
2.100559699483406
11.631736348831648
9.652434877402245
100.00000000000004
4.216221551936651
7.603985612048923
100.00000000000004
15.393966645186742
4.761252347180977
100.00000000000004
5.147634257477289
4.344284557993833
1.5251408685421135
2.4074859035470344
100.00000000000004
4.180794588152619
2.910967817713898
2.9418460390488717
100.00000000000004
0.599552577675798
3.1251907639724417
100.00000000000004
3.4768108606699193
2.245680926859169
3.08586034812942
5.660233915657916
3.2220505624948905
100.00000000000004
2.698996931670699
15.989214998944036
5.789419402078114
100.00000000000004
3.8949067388366805
2.1565350652761492
100.00000000000004
1.94146487726502
100.00000000000004
2.3861234396573923
100.00000000000004
2.255279850835755
6.863269655992756
2.393115247828693
100.00000000000004
1.6582545110825337
1.4456752008489664
100.00000000000004
1.5235468585783345
100.00000000000004
4.257692499075117
100.00000000000004
5.309921773414701
1.953325631107171
2.9671990006890203
8.196289390928412
100.00000000000004
3.1937845256964716
100.00000000000004
0.8994022236720418
4.9323515694897075
100.00000000000004
15.411780833860552
1.4754678252355282
1.6594605164505152
100.00000000000004
4.256004935280122
100.00000000000004
2.993478579813793
100.00000000000004
2.252278368576829
100.00000000000004
2.9216459043636323
4.589609283246364
100.00000000000004
8.71966944430585
2.09842596346283
100.00000000000004
1.560337276104047
55.03212081491043
100.00000000000004
3.976894830044115
100.00000000000004
4.06838270445336
100.00000000000004
3.0938553696074806
3.7512799541315878
100.00000000000004
2.7937608272838483
4.969472086736586
100.00000000000004
1.3810251780559548
100.00000000000004
2.537575416826302
100.00000000000004
3.1600559079291126
4.9787068367863965
100.00000000000004
4.033113082634661
4.767707020457095
21.3643503198117
100.00000000000004
4.188580067804013
3.7674111489922755
100.00000000000004
1.0395861088630125
1.6610432519909921
100.00000000000004
1.143087384554799
2.3547653529958312
100.00000000000004
2.25248974758018
2.383435987623427
100.00000000000004
2.2050190523685287
100.00000000000004
5.066974704504426
100.00000000000004
5.466508732910591
100.00000000000004
5.61480827173619
39.43223765116288
100.00000000000004
9.688464563433238
4.755318997144905
1.996819088094332
11.044795567078939
1.7542327327777862
0.0
12.67806699527366
9.442944296079734
2.242173863464727
100.00000000000004
0.0
4.7138124442899105
6.432757903820217
3.3518388426385206
1.4704425447725693
100.00000000000004
0.0
4.757700769653279
10.978766307459145
3.315580134529855
100.00000000000004
0.0
9.464277759305569
100.00000000000004
0.0
4.395664710378084
0.002870940607994444
100.00000000000004
0.0
6.614098911430849
3.8005844314476573
5.042428328166696
3.5912698569513903
9.22364410103253
3.2174093287959424
3.6345524237635725
100.00000000000004
0.0
2.1503312768483953
1.780380834377348
3.05662259476214
2.8099817702511314
100.00000000000004
0.0
12.102671192556116
1.9530079292066178
1.252609665301318
7.072313346041471
1.7040246878234262
100.00000000000004
0.0
1.9400710135123407
1.970646384365552
2.9007671963612354
100.00000000000004
15.97357760615681
4.317045632700292
100.00000000000004
0.0
4.385818589296242
4.61727182996616
3.3894060322826576
4.303846266589083
7.392259589652666
8.232435401894636
100.00000000000004
0.0
2.696205721119684
7.030417713400723
13.533528323661276
8.643019616048525
13.533528323661276
100.00000000000004
0.0
3.134086755597785
0.0
27.516060407455225
5.567156197555334
3.986658448451329
0.0
3.702998222186721
9.970222994544457
100.00000000000004
14.449759888807964
100.00000000000004
17.965205598154213
11.160970669536844
0.0
35.668376829411216
100.00000000000004
4.935157841536379
1.9346035585461325
8.657254388299734
100.00000000000004
0.0
5.816635421147513
100.00000000000004
0.0
15.297239513450753
100.00000000000004
0.0
2.742341580995955
3.9310686138559294
4.323577299262492
7.39343948260436
2.445593937240363
5.474870710453654
5.1224646871789155
1.3599471925976852
0.0
100.00000000000004
9.92043523258434
100.00000000000004
1.7614806314672236
100.00000000000004
1.4091499441909465
100.00000000000004
3.737437943747671
100.00000000000004
4.327969719414173
4.167251645138561
0.0
6.544400177153368
9.594409641370644
14.55021253689141
7.809849842300637
17.491650626361256
5.197112497172873
9.688464563433238
0.0
9.688464563433238
5.862502026550896
15.090767577522726
2.139538333930869
19.37692912686648
0.0
5.876350803261633
4.9787068367863965
0.0
4.800292512849197
11.720587768331924
4.521919230852729
6.3297741723532726
3.739277016277878
7.809849842300637
19.716118825581447
17.491650626361256
0.0
0.0
5.197112497172873
0.0
9.688464563433238
19.716118825581447
0.0
19.716118825581447
9.688464563433238
19.716118825581447
5.862502026550896
6.196349981371174
15.090767577522726
10.682175159905848
17.112717058426785
2.139538333930869
1.7539413943549187
19.37692912686648
0.0
1.9600629536473144
30.616451868424463
5.876350803261633
0.0
8.042292750529441
4.809588298269789
7.545383788761362
5.084111293962874
8.87899174984464
5.11459870708889
11.949988385687533
23.707213466732753
5.663311452337806
4.194930905450255
4.460795258102732
3.1906250711545496
3.3405357906244633
2.276859592073037
9.142443536148708
2.812534742600887
0.0
4.0905089639506285
2.4623373672221804
16.669006580554246
100.00000000000004
13.24317283199537
1.886782264636293
0.0
100.00000000000004
3.553449062161875
100.00000000000004
1.9285679266494749
0.0
100.00000000000004
4.916855865949079
0.0
100.00000000000004
9.86602604394303
100.00000000000004
4.180182655385804
35.75274702866965
5.117379575399021
5.981344766237617
100.00000000000004
2.1970900464782472
4.881938691017544
100.00000000000004
4.293700087443758
100.00000000000004
2.8239194962191214
100.00000000000004
6.236843396345395
0.0
4.452641886003546
10.252920039273182
4.395664710378084
12.067498571385652
100.00000000000004
3.337036559020042
3.817681337429047
0.0
5.335564107849365
3.555135945989539
2.568331954752977
100.00000000000004
4.017450879116232
0.0
100.00000000000004
3.4611065815582696
2.7450182904045737
5.045215034022542
3.1371667765969473
18.04438612975343
7.340292414029709
100.00000000000004
3.3065175113167244
100.00000000000004
4.275704364513982
1.9894172885927468
11.7250040531018
3.644667088679882
4.864149875663218
16.102642769112478
6.383969473940458
5.787279073851281
12.829667121707173
6.644720506843682
100.00000000000004
2.4347130516557893
20.275597575741415
3.6292497405952275
5.117379575399021
4.6067359188742385
11.155949944367173
12.001885809269506
100.00000000000004
2.6752140838962686
34.48444257953326
5.748640944819995
7.791497608591349
0.0
4.301982074786544
1.4565737615605274
3.9253456897493937
14.576846149722611
2.1201193604586757
6.27465531099474
100.00000000000004
0.9582701933258967
2.8583509099532374
6.27465531099474
8.165216783727155
100.00000000000004
13.149402793858219
100.00000000000004
5.624132854529054
100.00000000000004
3.3383922484634225
100.00000000000004
2.322908738429828
100.00000000000004
2.3380181004272496
1.8117236860142971
100.00000000000004
5.0684932407687775
100.00000000000004
2.1187431941910506
3.5565618189792816
100.00000000000004
5.103294494132211
5.245171286503985
100.00000000000004
4.232410292110277
100.00000000000004
5.0376452806071494
3.236232733399261
4.182782275131312
2.9711939746553915
2.079637628673006
3.4352621977111713
2.439071142037956
100.00000000000004
18.1634301038561
4.182782275131312
1.2790068991533878
11.521590992286539
100.00000000000004
2.916042426215241
2.2622731066261244
5.363139898027973
5.669791110976001
100.00000000000004
11.544425246579861
2.3901021968803136
100.00000000000004
3.1140118450772336
11.412735515545796
2.9204280266544957
100.00000000000004
2.561168646726282
4.2287039540304825
100.00000000000004
8.054810500467578
100.00000000000004
1.5197269195118714
8.377571077520923
100.00000000000004
2.8316557261689024
4.11236251403474
4.899864500847875
1.195257451569554
4.182782275131312
1.477454763652798
100.00000000000004
3.5871264849849473
1.128178607802965
3.0372940354383413
100.00000000000004
3.8558580529449586
3.767587233197689
100.00000000000004
6.02566585309804
100.00000000000004
15.41924331061429
3.804674691373585
100.00000000000004
3.377156414337854
10.82597837309053
100.00000000000004
5.571998387884575
100.00000000000004
2.3104599284290486
100.00000000000004
6.299392144493405
24.22182956912826
11.450988914355818
8.41463951706431
0.0
4.159746186045219e-05
0.0
6.466882284961454
50.81327481546149
4.911660725391715
13.489712606482867
3.8477237177211134
1.6256670151251684
5.898726081256486
9.507244120026236
0.0
24.446151121745054
0.0
0.0
4.159746186045219e-05
0.0
6.466882284961454
50.81327481546149
4.911660725391715
11.988048353388244
3.8477237177211134
1.6256670151251684
5.898726081256486
9.507244120026236
3.7968017775955714
0.0
11.752701606523267
8.021048574809688
34.66806371753173
13.545994273378144
4.338794087070566
2.8533889118470097
2.6126704334052406
5.180641421203876
1.7304332914996965
3.1928497225544588
4.145590332958726
10.282584879940513
3.4977113459415383
6.811319799748086
9.289922987203454
1.862529711292479
3.925316431938868
6.768751095583207
3.1382100151772825
8.45938710973855
6.291102779229684
24.051990745470516
100.00000000000004
0.0
5.504529749219636
27.516060407455225
100.00000000000004
2.482865648449909
100.00000000000004
3.2595399148991917
0.9919933747847702
5.295373295474883
3.7333672678971728
14.723282228934908
6.9386265924237
0.0
100.00000000000004
7.58332008075098
8.968990391079044
3.1572564565455266
100.00000000000004
4.085892079136997
2.206924292666344
6.180501786055444
2.469839909365402
2.751206278267046
4.035011337465489
1.6974586435173673
9.652434877402245
100.00000000000004
4.81532672136596
4.580142861049254
5.0912128230977505
7.370545299175044
7.4329981845136315
0.0
9.25617898868023
7.169044348251268
2.9143320422022008
27.065885789743188
8.963868087514465
5.903975486224255
27.516060407455225
3.403984908815122
0.0
5.861608068558368
5.876350803261633
4.159239896767916
4.085892079136997
5.244025089673063
4.456882760699063
6.906464573100345
7.413670083653376
100.00000000000004
2.1008158218397517
3.5380307026722626
2.025928834812605
4.478594067804551
2.153418706857618
3.7020371340985556
15.133218633429316
10.106686893683303
0.0
100.00000000000004
12.410963317921993
3.1077808791616643
4.546308713404575
0.0
100.00000000000004
10.415947885260207
10.682175159905848
100.00000000000004
3.890098291036347
7.809849842300637
100.00000000000004
2.052312994103585
100.00000000000004
6.619216028017829
2.1238247795133764
4.278179264606695
100.00000000000004
22.89578223883691
100.00000000000004
0.5503563551440462
8.971490274471483
100.00000000000004
2.2963967004908326
0.6668596349137507
18.568875382860504
8.19140761334698
14.153019479624042
7.347053125977879
6.988157272632075
0.0
100.00000000000004
5.183040300719134
3.5656015402393963
1.8787630257145893
19.716118825581447
8.919666825416511
7.209140348761813
20.41629120474056
14.127216461522432
100.00000000000004
10.493475165048599
23.988478175450965
4.968018039415939
4.503733751056993
6.632729312157198
100.00000000000004
100.00000000000004
100.00000000000004
14.265698067906886
0.0
100.00000000000004
6.109604666474619
3.7831242933516265
100.00000000000004
5.877710020735934
0.0
100.00000000000004
12.823357161714231
100.00000000000004
4.814971807094068
0.8983086051522964
1.3740707916528632
1.8830168484966994
2.35864181846352
1.8110800993753928
4.831930719842458
1.451391980614072
2.6544549025216213
1.8512509556591454
2.675745489641754
0.6492318227467252
2.438370555059576
1.3856221294216733
0.0
2.332160652542489
3.2710440719300737
0.0
100.00000000000004
1.7227831347538063
0.9298395269585749
1.485994012122126
0.0065002355655793525
100.00000000000004
1.204494056157501
2.4247343893931044
0.0
4.478594067804551
0.3295025804457139
2.8856494253219522
2.6737739141846273
0.0
0.48722122290457953
100.00000000000004
1.2126132175656148
0.0
100.00000000000004
3.2248674695735913
1.1710217293744005
100.00000000000004
3.3546577195234963
1.0399213792257465
0.0
100.00000000000004
2.060861189220729
0.6762531079644276
13.587852368109056
3.4110274679187893
1.0388066775953995
16.029822209178764
3.591723319214158
4.029014259178441
5.815868174415823
100.00000000000004
11.725004053101795
100.00000000000004
1.2029399536786571
8.619158848176236
100.00000000000004
5.780254773632967
100.00000000000004
6.3649780331306385
5.598695355194437
7.469054810338896
5.073216355122755
100.00000000000004
2.5192961048532916
100.00000000000004
0.0
100.00000000000004
1.4179362429630855
2.2246247846172387
2.583112439191653
6.336859268415405
4.990049701936832
7.141816289329644
7.835186356234301
11.466219374216891
100.00000000000004
1.2599518684083042
4.3562336009274985
100.00000000000004
2.6417315756374142
0.0
100.00000000000004
0.3564991153750271
100.00000000000004
1.4490270684024231
2.6643211213888947
100.00000000000004
5.772175329389104
100.00000000000004
6.734423132713932
100.00000000000004
4.900738769757932
5.209696906543444
100.00000000000004
0.0
100.00000000000004
1.6182725733347707
4.27025040923384
5.719155134675413
4.272580026028801
100.00000000000004
2.9779994232238622
100.00000000000004
6.439931429457922
7.951525230649408
100.00000000000004
36.78794411714425
100.00000000000004
3.7378514686989144
100.00000000000004
6.406671163640016
100.00000000000004
0.0
100.00000000000004
4.3874551379729745
100.00000000000004
7.581138831893954
7.911912180338987
100.00000000000004
9.410489957951636
100.00000000000004
2.319481081282676
4.090688941829
0.0
7.628565712125326
8.14903237484095
5.4701671470962525
0.951134994939675
2.9805006700665158
3.9512360805455304
3.2022380550442833
21.3643503198117
14.127216461522432
4.499792344891944
100.00000000000004
5.845951787056109
8.449350686821088
19.209517511742053
5.7554296723397105
2.993478579813793
14.127216461522432
25.95438849059676
5.710992792957473
6.754312828675707
100.00000000000004
8.798650957615484
9.154909444873333
3.157729876648709
1.4716116834129256
3.1325998243558226
9.018037817565661
5.982491996190264
8.547736416923032
3.689111847432509
12.43423351463457
8.483848383841247
3.7854942106547544
2.612413466598193
6.141266552610518
2.9557027952214296
1.3011900949484894
5.27256990901065
5.495758382923328
6.561532322292336
2.417808985590294
2.982218188579454
2.7354882120611315
4.539486678043655
9.571076484331991
3.2551971446740473
1.9021215330135106
1.544276472933954
5.876350803261633
2.7908496075408364
3.9624674486883404
4.479502898534009
5.010770701461873
5.168306250981565
2.8019521936758016
21.22363344155403
100.00000000000004
1.9051652353496977
0.40004115368608806
2.7483958859474082
2.946837805727687
4.238556455648295
11.473679215615634
10.88007151546892
100.00000000000004
7.7714298856133635
2.8398387225677895
7.233019718056119
3.846480047018415
100.00000000000004
4.116674064723954
5.572225683564167
2.4702166141975233
2.866788925069947
2.608275588469745
3.29558339002695
2.2414229693814285
5.439330544349821
4.215420561319033
12.872632311973014
100.00000000000004
3.8461009396925765
6.053236275429152
4.3548225751140315
5.13707572704422
2.878536730460873
3.708659055657029
2.440044752797835
17.539562233006052
100.00000000000004
5.066196809932206
5.663311452337806
7.16047614494885
3.5936434693524486
8.100757287543138
4.521356896113449
0.0
0.0
10.603411688900922
100.00000000000004
4.266331692956901
100.00000000000004
11.183046657879292
8.107841474081338
2.8966846149010443
5.32191592278481
7.243344453633714
10.934883431625593
0.0
19.343786993461148
36.78794411714425
100.00000000000004
0.0
6.301492736111027
5.351715875067323
6.567274736060395
4.394419013016034
9.507244120026236
0.0
38.849358632832754
36.78794411714425
100.00000000000004
0.0
0.0
6.301492736111027
5.351715875067323
6.567274736060395
4.394419013016034
9.507244120026236
4.41902110634
0.0
0.0
5.170905946312008
12.22307556087252
0.0
3.8821104586931203
3.1600559079291126
6.34203392592898
3.21858262703621
4.716217301670693
3.1934960455974277
6.645857695205027
13.832219399269787
9.043565779655339
6.285596338261262
7.10555391350209
7.235533929940698
0.0
7.809849842300637
0.0
0.0
0.0
3.8821104586931203
3.1600559079291126
6.34203392592898
3.21858262703621
4.716217301670693
3.1934960455974277
6.645857695205027
13.832219399269787
9.043565779655339
6.285596338261262
7.10555391350209
7.235533929940698
5.919720809373671
0.0
38.849358632832754
0.0
0.0
10.733781529200781
8.808424865565325
4.131650054982788
8.707270437678378
4.26441426355209
4.266331692956901
0.0
36.78794411714425
36.78794411714425
100.00000000000004
13.042908001208707
7.639933109029527
1.8088520911019879
5.6576858382877795
4.0341101701202575
2.7350835735481263
100.00000000000004
0.0
7.809849842300637
3.2575541112894584
0.0
100.00000000000004
18.393972058572114
2.738976200004645
4.300847718252331
3.7776418604808364
2.0528755546417172
4.005807481690606
2.6334303000801906
7.846095613880772
3.7550814775784866
100.00000000000004
2.0087354293003434
100.00000000000004
25.832835579056727
4.915839540068302
8.097785064266205
3.4815016528590457
3.159162641638754
2.6960676476584537
1.8989024644642734
5.349991643717333
3.6128009130538463
3.407003717264705
4.384002892994612
17.965205598154213
100.00000000000004
10.682175159905848
3.1085583786586426
4.479502898534009
4.990049701936832
14.400124446705304
0.0
0.0
3.961393797941288
0.0
12.22307556087252
13.488716059173196
39.76353643835252
3.5873056871337994
0.0
3.040233845069022
1.261346123261666
19.716118825581447
100.00000000000004
0.0
0.15380066794802363
4.693143873694084
5.630400552901077
1.4387323270086247
3.071855691538747
4.484347726929453
0.0
4.514788618484021
2.7076576267554477
0.0
2.8603449943861583
2.9048161683970806
0.0
8.913765521398126
14.01908222334554
0.0
2.4689783360287474
7.921066269168085
0.0
3.739277016277878
0.0
3.0890553181566975
1.8653551946470703
1.996819088094332
0.0
10.682175159905848
0.0
8.282282660969603
3.164336538475635
4.456882760699063
4.395664710378084
9.901162936192058
2.14125207821658
3.056960239296902
0.0
100.00000000000004
100.00000000000004
3.066885916335249
5.522397783539471
100.00000000000004
0.0
2.1921345306020292
2.1844650960791436
100.00000000000004
3.575298512304631
4.300847718252331
3.7776418604808364
3.0692701354847856
1.2901767649859646
2.078490520878172
100.00000000000004
2.4806737185772203
100.00000000000004
6.660796230730557
3.6803153194612164
7.535838128770539
3.0584157365413662
7.793421513646861
7.927919576409105
3.407003717264705
0.0
4.566435404629043
12.029079322487775
100.00000000000004
19.493995755254467
3.4862020173537873
3.2715338175759148
4.943883857153566
2.6149826893840222
2.3006443165326433
2.2476252685025933
3.163806491756988
3.6353588668522963
1.0271750497151622
18.99589214128981
100.00000000000004
0.0
2.8857077121434203
0.0
100.00000000000004
10.682175159905848
3.3495035708457803
4.479502898534009
4.990049701936832
9.746997877627233
2.2869567780619007
0.0
2.9209031018042797
49.99999999999999
12.22307556087252
13.488716059173196
17.965205598154213
3.5873056871337994
2.6556282775658278
0.6595563592376724
100.00000000000004
2.9769258622958037
44.06401630925027
5.795599612995366
4.222794013898957
8.116697886877475
3.7614716738345844
9.945175413819722
10.23860832460915
12.703318703865365
18.36028134946796
11.103198975860574
0.0
0.0
14.66991834074183
19.716118825581447
100.00000000000004
0.0
6.955824194794739
4.543198599343026
5.630400552901077
1.683577879743739
3.071855691538747
0.04992408854092074
0.0
2.5850916337077003
2.7076576267554477
0.0
3.471023784089875
2.9048161683970806
2.028969988565578
0.0
4.456882760699063
13.54999765041159
0.0
2.4689783360287474
7.921066269168085
0.0
2.246343099437478
6.30839544622442
0.9382086687743217
0.0
9.239590449619305
0.0
2.616269437927649
0.0
4.02724819242185
1.632593968139937
3.0787460505623363
2.627267419819061
3.696719741302181
3.182498075985838
19.37692912686648
16.784459625186194
16.10230726602675
1.0581038783577725
6.941875077401899
2.614653098865828
0.0
100.00000000000004
6.2376592466636245
5.61480827173619
16.003402083891878
4.540013809283726
100.00000000000004
7.1041398558973645
100.00000000000004
5.908002399935303
1.8306333543076283
19.37692912686648
14.377919100088198
10.394224994345743
9.846052248031867
0.0
8.36163727006708
6.754312828675707
3.304891281032304
5.870047690417336
4.983914977741477
5.597137526611733
0.0
100.00000000000004
4.210564691284548
5.61480827173619
100.00000000000004
3.1470823852978307
10.682175159905848
6.567274736060395
0.0
10.400597689005304
23.643540225079384
23.643540225079384
23.643540225079384
21.3643503198117
3.564186929405141
27.516060407455225
2.30709201549687
9.296917759336985
3.7555020884321744
2.7076576267554477
8.614758872728595
3.722094194747038
7.302392060373095
21.3643503198117
100.00000000000004
0.0
2.5009006960101083
2.342396931126378
3.514900342542729
4.499687167704877
7.679367919728904
3.6079498006719968
7.40177233180527
3.8860873003702516
2.0876945505867717
2.5785713549430027
1.731352511111145
2.5540496664715904
12.70442961048131
1.0779101191445002
3.4580127694134974
2.129417033703848
5.427658774617041
100.00000000000004
0.0
2.7239545109985848
2.0244462660665508
5.816635421147515
3.9538040630560025
3.018036840807235
100.00000000000004
0.0
4.79981069911921
1.0605002971415018
0.48710901305612636
15.291898798954536
2.510336793359582
4.872061895671364
1.6717707522498937
4.800292512849197
3.4933841821869938
3.951744928978941
5.653041175801492
0.0
7.188959550044094
6.917184228205472
5.692324076800773
14.423305345420134
100.00000000000004
4.266331692956901
0.0003425598940407577
7.259388368490708
3.152679052324441
2.585465070032963
19.297259972132498
100.00000000000004
15.97357760615681
4.710917689839431
4.229488620077181
3.7764515937311076
0.0
4.456882760699063
3.300809119141885
16.56038459020854
8.20246350913316
3.098174990685587
3.3655816926892643
3.5062585587231823
1.1599713834969503
3.049483026556587
23.85948537905441
3.835084342410568
5.832991944906044
4.209727834321718
2.703251334489793
6.161398495622037
2.4779853471705344
4.767707020457095
15.270725349716185
3.9016631127179084
7.270717733704594
100.00000000000004
0.0
7.173095622076889
2.8378023028886594
14.870758445317087
100.00000000000004
11.15650800742149
3.3264637832151163
9.025512457050151
4.281725970471386
3.0268675397150555
7.08983349335049
22.13908395073965
3.1767169224574134
2.853393846899402
5.557652328141919
5.042781651577215
