4.439746917901588
26.269098944241588
0.0
10.682175159905848
31.947155212313625
9.812163258584556
3.9297193407553004
6.809398432036521
15.464260451973765
11.64221434455988
4.995138898472386
36.78794411714425
4.601288633065288
8.195259678238283
5.965094439435717
4.389286045311363
7.302402790571608
4.709256134394488
6.053735079430112
3.703410398117595
13.229996644640526
5.276188852964092
1.8118602855302293
4.514505145440351
10.614554817431985
6.279083161366878
7.927683442766673
5.538003944406129
2.922543136191923
3.8179819106352717
7.768562846380176
12.41674690981216
12.630268049376259
5.368166397769436
15.20797122409784
13.545994273378144
3.1251907639724417
18.295654224495205
2.432074937831609
23.60795364982972
0.0
17.542198478193427
39.43223765116288
0.0
6.567274736060395
31.947155212313625
7.442701885526437
9.412488857406805
6.528867312767923
3.8395951227846217
10.682175159905848
19.304869754804482
10.87198333011493
3.4585921141027356
5.265069932383743
7.495553473355845
10.307386760781874
4.941373395476232
19.345299022826193
2.4159653599212296
7.655122720591221
4.02724819242185
2.1052823456422733
3.3331951193201697
13.503586618563794
6.254925683606543
3.5595475295018475
6.394873896030572
100.00000000000004
9.884228675959239
2.322272208185311
2.5058623314122577
5.183502958982237
100.00000000000004
12.049514584750938
3.0399751796599253
10.593878401216653
4.215640217238498
11.690676908006303
7.347053125977879
13.520459769143477
3.2342452920962157
6.996703938075385
4.016138436407654
2.7673854938424567
2.022717578987745
4.956379080516412
3.0372940354383413
6.567274736060395
0.8682106619884582
1.8709718017288024
17.018831200962694
3.318166118968713
0.6780029504402216
4.694423658874608
3.4585921141027365
5.0912128230977505
3.3518388426385206
3.346229269716654
3.503259881918665
7.477485290383127
2.3960267992076716
3.277741038261192
1.7643418208105224
4.574751653008468
3.176605498590708
0.9834573374902131
13.929083599454664
2.908317710573757
17.702042694687993
2.660547003401932
3.4585921141027365
3.0317726778696166
3.0098043843528286
5.922374361584876
12.97096257147368
1.6597540426318353
12.286996020967836
2.862999365766888
8.82140189156074
5.862103212350184
4.028438403534905
11.628718695290454
8.421129382569097
4.451967236946833
4.596186488109598
3.9719931616810293
4.662093623382545
3.3045998456689034
2.8314292077539185
10.147104008451905
3.2375618968410804
7.682602658751115
4.564763731943232
2.9872398721702123
3.337036559020042
7.773486165680693
5.6641802272004975
6.513043713153462
3.552121475807993
2.627961710408444
4.085892079136997
9.67406163301095
4.612050409721405
2.1038266435696493
4.456882760699063
9.614272376566879
7.492442692259767
2.207512285294552
26.378730559422326
1.2284007838100375
2.954001199967652
4.8762484212805495
2.257394309242011
7.204002504232435
100.00000000000004
3.737437943747671
100.00000000000004
5.816635421147513
16.467029855845905
100.00000000000004
5.0285348356974096
100.00000000000004
2.357313684245234
6.250381527944883
1.8718369822682148
32.578509300038974
4.767707020457095
2.218092274542824
0.0
0.0
13.897158881271357
39.43223765116288
6.567274736060395
12.703318703865365
7.91955792926988
5.577144216540393
36.78794411714425
100.00000000000004
13.471766853689124
100.00000000000004
7.643932928549608
100.00000000000004
6.205043833616817
3.657993333229942
0.0
22.01137162342707
39.43223765116288
0.0
24.840753130578644
31.947155212313625
11.435511837115424
9.412488857406805
6.528867312767923
3.8395951227846217
10.682175159905848
100.00000000000004
11.130753236636377
3.4585921141027356
5.265069932383743
7.884636204241294
2.7156804039319287
29.4296521000517
2.3120300201673083
4.02724819242185
9.501367786285167
2.92704967313804
2.5058623314122577
4.235505556845005
4.136977146041616
10.558336599258936
100.00000000000004
2.1052823456422733
3.3331951193201697
4.586815489070808
11.593525060965703
10.282638805524149
6.754312828675707
14.367214141908454
100.00000000000004
18.42313294081741
3.8693165009560855
10.593878401216653
0.6417085427753663
7.347053125977879
20.652334942779902
3.2342452920962157
2.1300733682208985
7.474875887495341
5.08764122072739
100.00000000000004
4.016138436407654
100.00000000000004
2.7673854938424567
100.00000000000004
1.8941916212291452
4.956379080516412
3.340006804710844
100.00000000000004
6.567274736060395
100.00000000000004
0.852135364783826
1.8709718017288024
100.00000000000004
23.462420327144486
4.216044216867593
2.305354994989551
100.00000000000004
1.7594761903139535
4.4544843186904
2.153749340017052
5.0912128230977505
100.00000000000004
3.3518388426385206
2.8028496487689654
3.503259881918665
100.00000000000004
7.5877556092159555
100.00000000000004
5.4701671470962525
100.00000000000004
1.462711066467904
100.00000000000004
4.995641734232852
1.7643418208105224
100.00000000000004
3.7769637985436897
100.00000000000004
2.0677313296895448
13.929083599454664
100.00000000000004
8.879284766374647
2.660547003401932
3.4585921141027365
100.00000000000004
3.0317726778696166
3.0098043843528286
5.922374361584876
100.00000000000004
5.545770910553572
12.027866371366084
4.1202784939919095
8.82140189156074
100.00000000000004
4.038512760019663
11.31863815331196
8.421129382569097
100.00000000000004
4.451967236946833
100.00000000000004
4.596186488109598
100.00000000000004
3.9719931616810293
4.662093623382545
3.3045998456689034
2.8314292077539185
3.0664173002083235
7.682602658751115
4.673557914073935
2.689406016554787
3.337036559020042
7.773486165680693
8.77491027594595
6.822275593840063
100.00000000000004
24.993546837202178
2.627961710408444
100.00000000000004
4.085892079136997
9.67406163301095
4.612050409721405
2.1038266435696493
4.456882760699063
100.00000000000004
12.32279699124407
7.492442692259767
100.00000000000004
2.207512285294552
26.378730559422326
1.2284007838100375
2.954001199967652
100.00000000000004
2.2741868698395025
2.257394309242011
7.204002504232435
100.00000000000004
3.737437943747671
100.00000000000004
5.816635421147513
16.467029855845905
100.00000000000004
5.429069509776489
100.00000000000004
4.085892079136997
6.250381527944883
1.8718369822682148
32.578509300038974
4.767707020457095
2.218092274542824
29.53872020786076
39.43223765116288
0.0
21.02241038134286
31.947155212313625
13.890300351724784
9.412488857406805
6.528867312767923
3.8395951227846217
10.682175159905848
100.00000000000004
10.273639315859324
3.7419436034576044
4.661152032362943
100.00000000000004
4.564807241392789
2.6102662555426654
100.00000000000004
29.541521129385654
2.1700200543960486
4.02724819242185
2.1052823456422733
3.3331951193201697
15.454496618010278
3.068173859083891
100.00000000000004
9.884228675959239
2.322272208185311
2.5058623314122577
5.976889713650159
100.00000000000004
19.398130898389823
3.7120938950458386
10.593878401216653
0.6417085427753663
7.347053125977879
19.174609136191368
3.2342452920962157
4.016138436407654
2.7673854938424567
100.00000000000004
1.8941916212291452
4.956379080516412
3.340006804710844
100.00000000000004
6.567274736060395
100.00000000000004
0.8933744518150754
1.8709718017288024
100.00000000000004
23.462420327144486
2.779685274167129
100.00000000000004
0.8062859326563488
4.4544843186904
3.461743640369311
5.0912128230977505
100.00000000000004
3.3518388426385206
2.8028496487689654
3.503259881918665
100.00000000000004
7.5877556092159555
100.00000000000004
2.4720848542736915
100.00000000000004
4.995641734232852
1.7643418208105224
100.00000000000004
3.8086235271061772
3.176605498590708
100.00000000000004
2.0677313296895448
13.929083599454664
100.00000000000004
8.879284766374647
2.660547003401932
3.4585921141027365
100.00000000000004
3.0317726778696166
3.0098043843528286
5.922374361584876
100.00000000000004
6.422906081463193
12.027866371366084
4.1202784939919095
8.82140189156074
100.00000000000004
4.038512760019663
11.31863815331196
8.421129382569097
100.00000000000004
4.451967236946833
100.00000000000004
4.596186488109598
100.00000000000004
3.9719931616810293
4.662093623382545
3.3045998456689034
2.8314292077539185
3.0664173002083235
7.682602658751115
4.564763731943232
2.689406016554787
3.337036559020042
7.773486165680693
4.7575277400479
6.822275593840063
100.00000000000004
24.993546837202178
2.627961710408444
100.00000000000004
4.085892079136997
9.67406163301095
4.612050409721405
2.1038266435696493
4.456882760699063
100.00000000000004
12.32279699124407
7.492442692259767
100.00000000000004
2.207512285294552
26.378730559422326
1.2284007838100375
2.954001199967652
100.00000000000004
2.2741868698395025
2.257394309242011
4.159232785061335
7.204002504232435
100.00000000000004
5.751391809950023
100.00000000000004
5.816635421147513
16.467029855845905
100.00000000000004
5.060732566070409
100.00000000000004
2.357313684245234
6.250381527944883
2.9687053100398955
30.531991886315936
4.767707020457095
4.990049701936832
24.601372576927535
7.495553473355842
4.451895356915122
11.54717436503294
36.78794411714425
100.00000000000004
9.186672262412122
4.027629650933579
100.00000000000004
1.2549963632617949
100.00000000000004
7.087585560381049
100.00000000000004
11.629163241151895
2.1440371673287992
3.8800508109835707
2.583112439191653
14.411291670643013
100.00000000000004
11.213336822390843
25.53725650320029
100.00000000000004
7.448691044575984
100.00000000000004
13.316187881128593
2.8886790607758566
4.780204393760627
100.00000000000004
21.328906162366504
5.838537623686358
100.00000000000004
5.606668411195422
3.324187505442174
100.00000000000004
2.0170550850601288
2.1294133758837734
3.449080295413005
100.00000000000004
3.318166118968713
9.929263644223568
100.00000000000004
17.407269725839427
5.0735520042259505
4.456882760699063
3.7644257151903666
4.023185929567685
3.04281210061706
8.225964699966557
19.39562361716285
39.43223765116288
0.0
24.840753130578644
31.947155212313625
8.054496384843702
100.00000000000004
3.1826696971285875
9.425159511373677
16.96868822461106
5.039518688486958
11.177222547202245
6.567274736060395
100.00000000000004
5.098813553369431
18.77199864591145
100.00000000000004
15.207218222740094
2.8423265381137037
13.66290302352697
8.516593018819643
100.00000000000004
15.207218222740094
9.080027618567454
6.391789656617254
4.15466379165763
7.8594386815106
5.522397783539471
0.7799197687740037
1.6502677498242087
4.716716718009764
5.941795974760504
11.217265776204941
14.59522521830733
8.591316733350183
100.00000000000004
19.4914710340059
100.00000000000004
15.207218222740094
4.96274655104206
3.59927582376646
100.00000000000004
9.287528999566801
22.131477988685884
39.43223765116288
0.0
6.567274736060395
31.947155212313625
8.054496384843702
100.00000000000004
10.229197414177778
5.669791110976001
9.164312493977516
7.668702374725506
5.039518688486958
11.177222547202245
6.567274736060395
100.00000000000004
5.098813553369431
5.669791110976001
18.77199864591145
100.00000000000004
15.207218222740094
2.8423265381137037
13.66290302352697
100.00000000000004
15.207218222740094
9.080027618567454
12.774349919563692
4.15466379165763
7.8594386815106
5.522397783539471
0.5597913423461155
1.725421680925775
4.716716718009764
5.941795974760504
11.498759556447217
14.59522521830733
8.591316733350183
100.00000000000004
19.4914710340059
100.00000000000004
9.287528999566801
0.0
14.674393455180846
39.43223765116288
6.567274736060395
12.703318703865365
6.628576403773603
100.00000000000004
13.134549472120788
5.412989186545263
15.97357760615681
4.456882760699063
13.375974781552436
4.395664710378084
36.78794411714425
34.66806371753173
36.78794411714425
100.00000000000004
2.93882130891531
3.140502355859124
2.0780731303323425
3.0235785635823293
8.925741095492608
7.768562846380172
13.618796864073044
4.480836160121357
8.29519350710986
4.9323515694897075
3.0890553181566975
3.273708449938474
1.8394091049832844
2.5596540211922734
15.925177647011354
2.5488079011500315
2.2198648254928375
0.0
100.00000000000004
2.0899229280281313
100.00000000000004
1.4524647263583597
1.0139918538910644
2.9007425233512514
0.0
100.00000000000004
2.017521553928156
100.00000000000004
1.6967392551852396
5.014286671776825
7.495553473355845
100.00000000000004
1.8653551946470703
4.449097909104699
100.00000000000004
1.546781241853724
100.00000000000004
2.2908358505748496
4.14428464062764
1.88870979501605
4.583454768651833
7.392391824522734
2.058460715884593
3.2878704127787066
3.1933035187697234
8.472109648432587
100.00000000000004
3.5014073709231717
2.9799141507094298
100.00000000000004
2.3538690328460046
4.990049701936832
4.787283247681316
100.00000000000004
3.8043291277484306
4.861389747829325
5.245368330876513
7.917485482098714
3.265885464333843
3.0305350635024966
11.631736348831648
8.643019616048525
100.00000000000004
4.404512413105275
3.4585921141027356
100.00000000000004
5.12455710844226
2.8303739014105846
100.00000000000004
2.009129371542681
2.1601524349994397
1.4960717210444734
2.627961710408444
100.00000000000004
3.9059605532339314
6.250381527944883
3.4667575124391115
100.00000000000004
2.0702785855103176
3.21858262703621
100.00000000000004
3.3642024770782895
5.420983790721318
4.008909208677184
5.660233915657916
3.7600566859085243
100.00000000000004
2.8212751651732013
4.968018039415939
20.68720601025941
100.00000000000004
5.279168299629467
4.219299916746158
100.00000000000004
2.1325740875921766
100.00000000000004
2.9684875203936287
100.00000000000004
2.9139189585976397
3.4585921141027365
4.028241500117355
100.00000000000004
3.71407329638151
1.121617874316939
100.00000000000004
1.2417076593818994
100.00000000000004
5.30302054799396
100.00000000000004
3.609464534286218
3.314937564503666
7.177526106282274
9.251727247302394
100.00000000000004
5.3290733968295685
100.00000000000004
2.353696389762325
8.913765521398126
100.00000000000004
13.87373283184691
3.2741543053398643
1.8840255786674747
100.00000000000004
5.253251936110521
100.00000000000004
4.2511830883498485
100.00000000000004
2.6779624945488485
100.00000000000004
3.552699746844382
4.892561170357788
100.00000000000004
9.6232641408119
4.873845860960843
100.00000000000004
3.33911907682599
60.653065971263366
100.00000000000004
3.9076880273796273
100.00000000000004
6.9089852323457945
100.00000000000004
4.327398836011371
3.8396662756831237
100.00000000000004
3.7674111489922755
1.6825516296836305
100.00000000000004
1.7721606464890638
100.00000000000004
2.0019281708616044
100.00000000000004
11.355573728984995
36.78794411714425
100.00000000000004
5.59456675487014
6.567274736060395
36.78794411714425
100.00000000000004
5.4458768454656115
2.1503312768483953
100.00000000000004
2.219455290579722
2.1970900464782472
100.00000000000004
3.2841888523377825
2.3968692309050215
100.00000000000004
7.159600238994094
5.43545007848498
100.00000000000004
2.240583222533672
100.00000000000004
2.294900783983067
100.00000000000004
2.7254223570363125
100.00000000000004
4.456882760699063
36.78794411714425
100.00000000000004
0.0
3.6749413490093192
1.494348998143061
13.741272855400096
1.9538440136898143
2.2869567780619007
8.628046141853774
10.175282441454785
3.168429634207702
100.00000000000004
0.0
7.694472679099882
2.512887142226909
1.9458662997893967
2.8869732409523396
100.00000000000004
0.0
2.862999365766888
5.422832877388758
2.950148633509371
100.00000000000004
0.0
7.718943079542907
100.00000000000004
4.767707020457095
4.514970966647375
2.6714718196332266
100.00000000000004
27.516060407455225
11.458346677361849
5.688062037733988
6.518959426978641
5.69058918383702
2.719665272174911
3.377156414337854
4.718279800003237
100.00000000000004
0.0
4.1572942129111405
2.452552641442349
3.1969716317678034
4.008445555958475
100.00000000000004
17.965205598154213
4.661989514736519
3.446220606679613
5.61744161508284
4.2719107422466625
1.9115122600284038
100.00000000000004
0.0
0.5407498344752724
4.038384207396791
2.9162743205811874
100.00000000000004
5.522397783539471
3.7849238506350633
100.00000000000004
0.0
5.225331317585063
4.4784101063049135
4.424218459410252
3.9645132534206886
4.335060051384244
14.99514866894289
100.00000000000004
0.0
3.8887941476618626
3.7052472057637615
0.0
8.913765521398126
0.0
100.00000000000004
0.0
5.838378601877145
0.0
55.03212081491043
6.429440072400723
1.9475422614226825
0.0
4.369766502500453
16.14619506489654
100.00000000000004
4.1081906297690365
100.00000000000004
16.233395773754953
12.31451121860257
16.233395773754953
35.039150794566865
100.00000000000004
2.955622941561161
6.604421301664171
4.7679578828234055
100.00000000000004
19.716118825581447
5.679677445135579
100.00000000000004
0.0
14.77000832433813
100.00000000000004
100.00000000000004
5.875148471810145
6.647530015308746
7.646493705380929
9.142443536148708
5.522397783539471
4.05185766962521
3.6431448112778364
1.6102937977007878
0.0
100.00000000000004
4.141141330484801
100.00000000000004
1.7092597315987061
100.00000000000004
1.4899946568663818
100.00000000000004
2.6643211213888947
100.00000000000004
3.8860873003702516
4.266331692956901
4.02724819242185
12.500763055889763
19.93919851218617
23.26303536297059
13.134549472120788
6.567274736060395
4.789232204309912
2.747878682374729
12.703318703865365
2.747878682374729
11.044795567078939
14.320952289897704
6.8179839929677115
26.269098944241588
0.0
13.134549472120788
31.947155212313625
0.0
5.004175368982553
12.049514584750938
7.625285280247299
5.717400011646488
2.908317710573757
13.134549472120788
6.567274736060395
6.567274736060395
0.0
0.0
4.789232204309912
0.0
2.747878682374729
6.567274736060395
12.703318703865365
6.567274736060395
2.747878682374729
6.567274736060395
11.044795567078939
6.4005180884547785
14.320952289897704
18.393972058572114
9.22364410103253
6.8179839929677115
6.809398432036521
26.269098944241588
21.64910073203448
6.585833693600902
86.6877899750182
13.134549472120788
4.266331692956901
10.542417542184578
5.356850921756574
15.207218222740094
11.589519629336511
8.025134799825937
2.276859592073037
13.674406678232565
23.742958197145914
6.312748574267699
5.300156689756295
4.15466379165763
3.886162817394155
2.8658165029890976
2.7076576267554477
11.598050534200995
2.747263221446293
12.703318703865365
14.526870992951157
8.820467839249305
5.522397783539471
100.00000000000004
2.4642841067740786
5.058563503677708
0.0
100.00000000000004
4.951808955390695
100.00000000000004
3.8594581401107315
36.78794411714425
100.00000000000004
4.379778660331947
13.533528323661276
100.00000000000004
5.9530083107886576
100.00000000000004
8.462133482880873
19.209413468550956
4.723482921640501
10.28991282716483
100.00000000000004
2.4963762606815623
6.657868853162589
100.00000000000004
3.1807667247713596
100.00000000000004
7.17411435666496
100.00000000000004
3.1694011948600527
6.690080689159478
4.439990814821914
3.209661149185947
6.327343220583575
12.12428055266944
100.00000000000004
6.834268215265539
1.7911710595643588
0.0
5.36091700945855
9.58747692362008
2.8629993657668873
100.00000000000004
7.074647881139282
0.0
100.00000000000004
3.520829054274214
0.865071432484485
9.140967026889498
3.470484183238817
16.784459625186194
1.4753091442001505
100.00000000000004
5.677989922061875
100.00000000000004
7.671365793833804
3.614935490156776
10.856421294065939
7.695447435442227
5.178785990900079
20.31098187098674
6.036041313821875
5.038795918401808
16.205123829351873
3.8096260016692556
100.00000000000004
4.735536667911913
5.13687849598828
1.554141699751437
4.723482921640501
3.527627175944633
11.434338200880834
14.792581339669603
100.00000000000004
2.4555852977980686
7.768562846380176
6.1439586568013
8.601558511667317
0.0
4.125506455013979
3.434767894757061
4.707738065692008
4.885299005952271
2.084323581868844
12.22307556087252
100.00000000000004
2.9189453645337293
2.8055381553873806
12.22307556087252
23.47788342625025
100.00000000000004
17.913322533175513
100.00000000000004
5.64111149269378
100.00000000000004
3.211527255344238
100.00000000000004
2.99506110775667
100.00000000000004
1.4149611700717548
1.214548597577686
100.00000000000004
3.5473733110611496
100.00000000000004
1.4369570026399294
13.929083599454664
100.00000000000004
1.9539923972372228
4.166101577281268
100.00000000000004
10.17964144726308
100.00000000000004
7.3974818620295295
3.4846551728865327
5.124982513794918
5.7259987315337755
2.7813173964798685
5.343321212929752
2.66785298043081
100.00000000000004
24.17416090909306
5.124982513794918
2.2955930136401985
54.75182535069452
100.00000000000004
1.5304706482288426
2.8452945919185098
4.265552167438487
5.868924818816531
100.00000000000004
4.6745426320563945
3.126017514958335
100.00000000000004
3.5871264849849473
11.633270842295033
2.9866402655332203
100.00000000000004
2.9711939746553915
5.199514186552214
100.00000000000004
21.055266213568295
100.00000000000004
1.4309394835630351
5.404145579688577
100.00000000000004
5.039518688486958
4.876379559070522
10.972048718711068
1.8629507444712659
5.124982513794918
3.889818545474848
100.00000000000004
6.491737843121522
1.4568049076707206
2.862999365766888
100.00000000000004
6.683919894854102
4.668237561305498
100.00000000000004
4.370473974179513
100.00000000000004
27.694132751313415
8.499822591020918
100.00000000000004
6.250381527944883
9.672649511413097
100.00000000000004
4.431340296060076
100.00000000000004
2.1361246127724347
100.00000000000004
6.250381527944883
28.75583820017637
14.550552252329057
25.009006462067717
0.0
2.1870422313886673
0.0
2.8054186350319408
17.965205598154213
12.455268027734919
13.489712606482867
3.5792807886387674
5.667889946807051
5.406472082217333
7.535838128770536
1.958224832501124
7.809849842300637
0.0
4.830183694310546
2.1870422313886673
0.0
2.8054186350319408
17.965205598154213
12.455268027734919
14.019721763993548
3.5792807886387674
5.667889946807051
5.406472082217333
7.535838128770536
5.439330544349821
1.6504045595709425
13.485111859503691
9.562956910798814
34.66806371753173
29.84745896009822
6.537334709155477
4.502641620304294
2.5764774212489634
5.413597346337482
1.9579265105181105
0.850140113592077
3.1056790380572634
5.029903570718966
0.4470919824408422
5.991130303729332
8.923038941682565
1.4471697678120683
6.7913037087595205
8.264534413689125
2.9637109588062693
4.037946705400341
10.108901518669624
15.8270999899438
100.00000000000004
0.0
5.680538650669804
10.682175159905848
100.00000000000004
2.4313957130496666
100.00000000000004
3.0619936119134916
2.411361503798012
12.915105910228814
7.7599897022836535
23.87517132417733
8.459447672897095
8.116697886877475
100.00000000000004
19.74684253117394
15.01305801901486
5.039518688486958
100.00000000000004
5.668116798202145
6.34684610288088
6.22866863318282
2.2423124987735665
10.574761110105138
7.175377580688497
1.634864527469044
17.965205598154213
100.00000000000004
5.118775046477677
13.173313935288004
2.46233736722218
7.9658077716727025
4.522127153024854
0.0
24.41685669990165
11.320202486281987
2.518130732650648
24.835336815593237
6.704111998286112
5.903975486224255
27.516060407455225
3.6334155378435455
10.400597689005304
7.333218366421385
7.492442692259767
5.593719631807297
2.482716946958931
3.124087287802358
26.449672174138467
10.536315432878425
16.188613565728215
100.00000000000004
3.5759782360482313
7.9407864089079725
7.159247301544211
2.7162118995714084
2.024173370761941
7.436697534774087
6.250381527944883
3.112513317176386
0.0
100.00000000000004
8.952270804289075
3.5298046925843023
4.303846266589083
9.688464563433238
100.00000000000004
3.6508665140301857
49.99999999999999
100.00000000000004
4.178538662244626
6.27465531099474
100.00000000000004
1.5741290458281703
100.00000000000004
3.857642285314774
3.0562025614901085
8.516593018819643
100.00000000000004
18.92240568795935
100.00000000000004
11.85591836907173
17.939840915529743
100.00000000000004
1.769746514836633
11.427754328315508
11.920042069660532
11.126986567815846
20.229863143419056
8.913765521398126
18.928624746011366
0.0
100.00000000000004
4.141813761233993
5.614393852953039
1.625483853998935
0.0
12.25914995865642
9.30514025247622
21.31456897111116
14.127216461522432
100.00000000000004
7.1814905562921885
23.24556295400456
23.340109401348037
4.456882760699063
5.653041175801492
100.00000000000004
100.00000000000004
100.00000000000004
14.021750081417279
27.516060407455225
100.00000000000004
1.9640298233388276
6.03967062965787
100.00000000000004
7.295726594566254
14.127216461522432
100.00000000000004
8.667793088637701
100.00000000000004
2.5197593442434796
2.3634806166875038
2.5558658375642063
1.8830168484966994
3.04281210061706
0.0
7.595456438315031
5.472039872766105
5.602810739128716
6.412921425524157
4.814971807094068
0.26225867069868447
1.2971056641207876
1.675059455233388
0.0
0.6472329562922723
2.8788842792741103
19.716118825581447
100.00000000000004
1.7726282342575568
2.4110800669854027
1.3441189735366066
0.2501477165952055
100.00000000000004
1.675059455233388
3.472993788150883
0.0
4.319402267866687
1.8678772286905816
4.141141330484801
0.0
0.0
1.3242086882655841
100.00000000000004
2.721591518351651
0.0
100.00000000000004
3.910019105994093
2.498000540113644
100.00000000000004
5.380878892028457
0.9487168008988347
0.0
100.00000000000004
1.9860311103448705
1.1567442932756955
21.682786639629974
5.602647173426831
0.7096418470792686
13.050336111568575
10.513772970315909
5.113424214974585
5.815868174415823
36.78794411714425
3.673526562988939
100.00000000000004
2.764620270875203
6.364031148436825
100.00000000000004
7.210146197119347
100.00000000000004
5.377955205029374
5.194406383499312
8.7065611404874
5.451525752850335
100.00000000000004
1.5301469739307516
100.00000000000004
10.682175159905848
100.00000000000004
1.104929560025873
2.668595232947603
2.7005617565085704
21.042990347620457
5.669791110976001
6.722636787666482
10.19699615401849
11.742712223180801
100.00000000000004
1.0445422646278968
5.310167323459089
100.00000000000004
2.2629625097770694
0.0
100.00000000000004
16.694903127510635
100.00000000000004
0.8558253870716113
3.0372940354383413
100.00000000000004
9.587297373102055
100.00000000000004
4.214139400862629
100.00000000000004
5.846842304699952
6.1827411661290235
100.00000000000004
36.78794411714425
100.00000000000004
3.4327809485034946
12.380936760787757
6.875312419671496
5.825392229778889
100.00000000000004
3.902649801343774
100.00000000000004
3.0272532566104675
8.462663595674885
100.00000000000004
36.78794411714425
100.00000000000004
4.500031383720257
100.00000000000004
3.391010990641208
36.78794411714425
0.0
100.00000000000004
13.275045921297613
100.00000000000004
6.958079613552151
4.141141330484801
100.00000000000004
22.448889297222923
100.00000000000004
2.3305025167765563
16.340836420369563
0.0
9.119890156469005
18.967105403203064
5.464223296249538
0.6320550277795887
2.7282027350833387
4.521920382276018
4.78313336801468
36.78794411714425
17.965205598154213
0.945614933008001
100.00000000000004
8.41829577213244
17.656935675209724
9.305503755632943
3.9157135693393106
5.091267576695774
0.0
35.89188621548348
4.780204393760627
2.4371431437250504
100.00000000000004
8.243801450842462
9.79906131741422
3.5644803512530343
2.5813458611379043
8.125165710854512
12.65417535065352
20.14941615706457
11.856660123276004
7.510002314354895
13.147601201284163
13.820972950314292
2.111608952822173
2.97058497354326
7.65834876605014
1.5586823505006986
2.4599769846895967
6.196506348433575
3.8570211434867647
5.695928476566283
2.8099817702511314
2.740043747049702
3.21858262703621
4.83416606188221
10.138788572063888
2.4012376162754436
3.8100339513031853
15.635489633470128
2.908317710573757
3.5625768349480684
3.510815157658705
3.74747034054522
10.426781053316866
14.1382366544343
4.992618066477728
13.471766853689124
100.00000000000004
2.3216313351629103
2.2286524569685557
2.020811471115099
3.2525808457905
2.5889065173943995
5.598064986523148
11.157792706923445
100.00000000000004
12.103193351706002
2.5197593442434796
4.141141330484801
10.094552473838881
100.00000000000004
1.85745789377376
2.278583946157884
1.352456398930773
2.431614028210481
2.4113042024633047
5.373346813504463
4.743112572075758
4.814971807094068
4.320304869998879
11.208466750961147
100.00000000000004
5.8614361799722525
6.250381527944883
3.951744928978941
6.089921158960962
7.088331405866437
4.540013809283726
4.816445264163581
21.44945947847342
100.00000000000004
4.459310153552376
3.1911854274745144
7.16047614494885
5.211762562089303
5.275735270581804
3.4585921141027365
2.719665272174911
0.0
9.638946406611005
100.00000000000004
5.816635421147513
100.00000000000004
6.250381527944883
5.8941612672007615
3.8180604758969374
4.771392030145951
6.471824245088331
12.39713867561361
0.0
26.206120210690962
36.78794411714425
0.0
0.0
4.691994397885683
6.472341743058109
6.567274736060395
6.914400106940206e-11
7.535838128770536
1.958224832501124
5.868924818816531
36.78794411714425
0.0
0.0
3.0590232050182594e-05
4.691994397885683
6.472341743058109
6.567274736060395
6.914400106940206e-11
7.535838128770536
13.177929630227897
1.6504045595709425
10.786826322527466
26.53658921272452
12.872632311973014
0.0
3.482270899863668
5.673360669746883
6.441613211290396
4.567211833282236
14.297291781542466
2.5828020030551087
4.99726802085966
6.936396290463554
7.261813302549418
4.990049701936832
6.897798511440269
9.092617426809149
1.958224832501124
21.444097124017667
11.15650800742149
0.0
1.1253517471925916e-05
3.482270899863668
5.673360669746883
6.441613211290396
4.567211833282236
14.297291781542466
2.5828020030551087
4.99726802085966
6.936396290463554
7.261813302549418
4.990049701936832
6.897798511440269
9.092617426809149
2.789468092868926e-08
1.958224832501124
5.868924818816531
0.0
0.0
6.334913741957239
6.986768364373987
2.312899945174112
7.378790595215932
3.780570729358727
3.0890553181566975
0.0
4.9787068367863965
36.78794411714425
100.00000000000004
3.5491323108093003
4.869428074391138
0.9370184490117707
13.843927738579898
4.288119316954875
2.862999365766888
100.00000000000004
0.0
5.522397783539471
1.7873474783741428
0.0
100.00000000000004
39.43223765116288
3.9722864519322636
1.727223799216787
4.66338959608285
7.0034559491084005
3.3565152434120593
7.795825927673233
6.201091146573039
5.118164602105636
100.00000000000004
3.1000924569752866
100.00000000000004
12.451643194233869
9.22317589557683
6.754312828675707
3.0372940354383413
1.7488210788825085
5.727005188626562
5.9627597938642
3.1199596210960485
3.63904657065889
10.285878714978704
3.2035008482610188
14.535768424205482
36.78794411714425
30.326532985631665
4.11236251403474
4.008682248959652
4.990049701936832
5.0132693406316395
10.682175159905848
17.0653267718276
3.1134205846975775
0.0
2.445593937240363
9.25329498915617
31.947155212313625
3.435448519978226
10.682175159905848
6.359341925314069
4.087925212100838
18.393972058572114
100.00000000000004
0.0
0.580518617522375
3.8713182054813897
10.147104008451905
3.7638251212025393
2.8629993657668873
6.999461716671591
0.0
3.421472750449594
1.8709718017288024
0.0
6.506124089578341
3.377811044913357
0.0
9.980099403873663
5.202634606039832
0.0
4.09118841791307
8.804641339558092
6.27465531099474
2.4426633221059637
0.0
4.990049701936832
2.18420518308879
2.977665307178987
0.0
15.97357760615681
0.0
5.0313176545008735
5.173606925688788
3.737437943747671
3.796469564911484
3.5218703231661252
2.981160753999013
6.837203339116283
3.0890553181566975
36.78794411714425
100.00000000000004
1.3043085337356695
7.141816289329644
100.00000000000004
0.0
1.8185280166248794
2.320983216954966
100.00000000000004
3.859143515684024
1.727223799216787
4.542158937625447
1.8710118056921072
2.517471075987098
3.23813774602814
100.00000000000004
5.255106955663712
100.00000000000004
7.158561577277536
8.259885276995925
2.2869567780619007
0.6713116519682542
8.329298742775425
12.358717687592437
10.285878714978704
2.605244243496221
1.2606747083184326
9.56637467919152
36.78794411714425
19.070828081828378
3.6598273780959487
3.848169719653079
7.460600031260355
3.0379937028521833
1.9011755113058346
2.557647223387682
1.4960717210444734
3.737437943747671
2.467317768137106
18.99589214128981
100.00000000000004
0.0
5.343321212929752
0.0
100.00000000000004
15.97357760615681
6.299392144493405
4.008682248959652
4.990049701936832
10.89644800332157
1.3794462224541233
17.0653267718276
2.3036829007805957
36.78794411714425
2.445593937240363
9.25329498915617
24.880469496253564
3.435448519978226
4.1202784939919095
5.716346790713161
100.00000000000004
2.056195003205636
22.131477988685884
5.669791110976001
10.71174444166974
1.9928389624921268
0.8690044811029847
6.830334739656698
5.440298565259849
16.37226966703825
18.36028134946796
8.520293472883594
36.78794411714425
3.0890553181566975
6.3414999593821015
18.393972058572114
100.00000000000004
0.0
10.26975485988674
3.890531292833292
10.147104008451905
3.7345847800340604
2.8629993657668873
1.6240101699596228
0.0
3.500469699279811
1.8709718017288024
0.0
3.4857116957065437
3.0521968279991727
4.303846266589083
0.0
5.522397783539471
13.831082362732698
0.0
4.09118841791307
8.804641339558092
4.065425428798724
1.5862072096590967
12.079751247186989
1.4065519858900877
5.090144684692121
15.268470848781108
6.27465531099474
2.4426633221059637
0.0
3.673526562988939
1.6966381323188768
2.8886790607758566
1.8888209302404182
4.11236251403474
3.712934101015684
26.269098944241588
19.969395881889398
11.631736348831648
1.2630054370621848
2.255757103701955
9.057424022806051
0.0
100.00000000000004
8.866846702038847
9.980099403873663
15.78544054755476
4.995138898472386
100.00000000000004
6.652868463306564
100.00000000000004
8.794090522118719
2.449932250423938
26.269098944241588
13.834368456410951
16.44975929846582
9.746997877627233
8.913765521398126
22.28857082527764
10.04916995660316
4.156146260664685
8.135522353654634
9.484673485045747
5.642795119707389
0.0
100.00000000000004
14.228326615413552
9.980099403873663
100.00000000000004
3.247534627642393
18.393972058572114
6.567274736060395
6.567274736060395
0.673794699908547
45.13864405503391
45.13864405503391
45.13864405503391
36.78794411714425
4.278179264606695
6.567274736060395
3.2553776012957436
10.282638805524149
3.9566236357113054
3.9645132534206886
6.249552377565648
6.058787458442968
8.315702337272176
36.78794411714425
36.78794411714425
0.0
5.723360917832839
5.648892151960283
3.1371409927072325
4.323912734262338
13.62935817240798
3.493641888989307
11.286964794967801
3.994369946842586
3.6733806172758925
5.60279643753727e-07
2.642585713943191
2.6643211213888947
13.945586153886994
2.5760924008991433
1.9302780260189767
1.552997024740114
4.141141330484801
100.00000000000004
0.0
1.6937056804903847
6.291102779229684
10.343603005129705
3.6570159134143823
2.559082301052818
100.00000000000004
11.15650800742149
5.795599612995366
9.39888637243536
4.065597076446238
13.185766720523588
3.3963097266567166
4.7201623703193425
1.83747417456604
2.583127052981358
6.725321874176006
5.415315253510896
4.303846266589083
0.0
6.250381527944883
8.054496384843702
8.700223397019132
12.981716686852618
100.00000000000004
0.9157819444367088
2.5816759710682704
7.469677394341763
1.7355037888464573
3.6598273780959487
18.842888419335743
36.78794411714425
16.233395773754953
5.270914267401187
5.004175368982553
3.259538385379556
7.535838128770539
6.27465531099474
2.5197593442434796
6.033104985460151
20.13626443298492
12.164440704745648
3.3637051974261705
11.28691281133213
2.2869567780619007
5.136663909505951
24.119613213219385
5.464442168725745
7.732130225986882
4.8589719316429765
4.141141330484801
5.170183267415401
3.3383922484634225
13.950796967929138
5.604233375480572
2.5802625919834825
7.433761660133445
100.00000000000004
0.0
7.771324020744104
4.247658409093638
14.573538280485247
100.00000000000004
28.254432923044853
24.107473040766184
16.00733593956426
7.493431958865496
13.520459769143477
16.246736614250725
24.668689088414943
1.725758405913122
9.819781986403793
9.141300972577081
7.315058679107509
