13.863434410630408
8.116697886877475
0.0
0.0
4.9787068367863965
13.176172275544653
7.832899330004498
6.614073153463217
9.74812453975988
5.346439111761613
4.642454187453896
0.0
4.395664710378084
6.062734571039859
7.898910590265768
1.8884748972625875
7.534822297984551
5.179113333450368
3.9164496650022476
5.92328213476412
7.456500977172462
3.3670687502498664
1.7733743411236613
3.7303716847300374
8.903790713830244
8.72593846856799
5.209718298539208
4.0451386841269
2.5723962045290536
1.5862072096590967
4.456882760699063
4.967704568559134
8.554426802455124
2.461345577411335
6.150343144231885
5.816635421147513
3.377156414337854
2.862999365766888
4.347588575774347
7.60493327903722
0.0
23.099966849728546
8.116697886877475
0.0
8.116697886877475
4.9787068367863965
11.613780989547111
6.347766905031301
2.857881601345838
3.551851328486764
7.809849842300637
13.134549472120788
11.72150140663799
7.603985612048923
10.363475030313118
7.495553473355845
14.879641171245488
2.583112439191653
19.04774674355918
2.7354882120611315
8.171014300726602
0.0
4.636727250287691
5.453617964371159
16.806302970632213
6.71647205235486
3.5908045564779236
5.867672381449296
100.00000000000004
3.994369946842586
3.1553038724182567
2.7178901196360052
11.581481518132083
100.00000000000004
11.439193249072527
7.577500072186256
3.233520175525231
1.8830168484966994
3.019779538867884
4.167251645138561
14.179666986700974
3.235537081118379
4.527091491040195
4.368583925857938
2.5197593442434796
3.3822242035138017
10.208986782796279
3.701773936489291
5.934202609760488
2.5544165713854237
3.482270899863668
15.005212294966267
3.151234375634092
2.1286935059257397
4.577951137522882
3.0372940354383413
2.4426633221059637
3.5165773744931474
7.8666955309507
4.018258743085361
0.7463548437710137
2.6073212465444375
4.65336179222141
3.177157802080515
4.1877510718020154
1.3667950042025578
1.0442608545012022
4.141141330484801
3.7052472057637615
5.401157445454033
2.70720374647584
2.3901021968803136
8.59907987296463
4.546308713404575
9.771721382272796
9.992242441705814
1.5155302454113846
12.812107890078678
2.7162118995714084
20.379765144415735
3.616015947680665
3.5996575565656133
2.939660147419322
8.968990391079044
4.794344400032419
5.244983423669979
0.8280374057574367
4.562361478526787
3.1731598193072434
3.3814471890096036
10.175282441454785
3.749188360344261
3.0561994229347373
2.8378388164609376
3.0614908220880106
4.993885985078177
4.5388618272891605
4.534086576963962
2.3777539881582452
15.8586453106014
0.0
2.6459536968224975
3.1911854274745144
4.661841620661271
3.49748991937237
5.08764122072739
8.69468468761646
4.990049701936832
2.2566106884746566
5.1289349572760425
1.413521228962437
3.3582360261774293
2.9518250928744507
2.3383445446301243
6.730900646889454
100.00000000000004
3.21858262703621
100.00000000000004
3.6353588668522963
2.916495972453022
100.00000000000004
3.4657891828572236
100.00000000000004
2.358655162325367
6.608973813188645
1.5347409473007245
4.546308713404575
4.767707020457095
4.09570380667349
3.0890553181566975
0.0
9.977152239226994
8.116697886877475
8.116697886877475
8.116697886877475
5.055242806802407
5.415315253510896
0.0
100.00000000000004
9.614272376566879
100.00000000000004
7.716896740222491
100.00000000000004
3.646650581707163
2.5684575702613657
0.0
10.690302152100664
8.116697886877475
0.0
4.9787068367863965
4.9787068367863965
16.96581126764411
6.347766905031301
2.857881601345838
3.551851328486764
7.809849842300637
100.00000000000004
7.169370293733909
7.603985612048923
10.363475030313118
5.573363730445222
6.080467690138045
27.40623717328051
2.6506159096505892
0.0
12.632368169934818
3.171033578010539
2.718516209546605
12.984521625736297
4.039568253149768
17.36038926073994
100.00000000000004
4.636727250287691
5.453617964371159
7.131570203746692
5.280784931502524
3.994833055747158
6.330984178784958
17.113838118858595
100.00000000000004
16.14619506489654
12.175957805099177
3.233520175525231
0.5486489049382952
4.167251645138561
20.652334942779902
3.235537081118379
8.039313477786735
7.768562846380176
5.08764122072739
100.00000000000004
4.368583925857938
100.00000000000004
2.5197593442434796
100.00000000000004
2.545082240595185
10.208986782796279
3.4202972911593243
100.00000000000004
5.934202609760488
100.00000000000004
2.441555680480697
3.482270899863668
100.00000000000004
18.405318356016778
4.241924191920625
2.566927775742489
100.00000000000004
2.21594166475951
3.815746719006163
3.4585921141027365
2.4426633221059637
100.00000000000004
3.5165773744931474
4.577153103133634
4.018258743085361
100.00000000000004
6.967762364583244
100.00000000000004
2.042946039568498
100.00000000000004
1.5503224887442042
100.00000000000004
4.722805630345425
3.177157802080515
100.00000000000004
4.9426811581433965
100.00000000000004
0.9816214451959038
4.141141330484801
100.00000000000004
2.019385597421733
2.70720374647584
2.3901021968803136
100.00000000000004
8.59907987296463
4.546308713404575
9.771721382272796
100.00000000000004
9.421906114760095
13.27605660886555
2.7233692390443465
20.379765144415735
100.00000000000004
3.5794624841799503
2.87360318021474
8.968990391079044
100.00000000000004
4.794344400032419
100.00000000000004
5.244983423669979
100.00000000000004
0.8280374057574367
4.562361478526787
3.1731598193072434
3.3814471890096036
3.8896436189833374
3.0561994229347373
2.353110516480477
2.9804460822867718
4.993885985078177
4.5388618272891605
2.5756623924996602
1.9639373037294572
100.00000000000004
13.513040170826898
0.0
100.00000000000004
2.6459536968224975
3.1911854274745144
4.661841620661271
3.49748991937237
5.08764122072739
100.00000000000004
6.317739473359885
4.990049701936832
100.00000000000004
2.2566106884746566
5.1289349572760425
1.413521228962437
3.3582360261774293
100.00000000000004
1.5089888404670377
2.3383445446301243
6.730900646889454
100.00000000000004
3.21858262703621
100.00000000000004
3.6353588668522963
2.916495972453022
100.00000000000004
3.501476771415909
100.00000000000004
4.085892079136997
6.608973813188645
1.5347409473007245
4.546308713404575
4.767707020457095
4.09570380667349
19.437571020720103
8.116697886877475
0.0
21.02241038134286
4.9787068367863965
12.208745083996325
6.347766905031301
2.857881601345838
3.551851328486764
7.809849842300637
100.00000000000004
7.287308984252514
7.431878014503621
9.486196006462647
100.00000000000004
7.261813302549418
5.4109701071446015
100.00000000000004
27.40623717328051
3.136237874270791
0.0
4.636727250287691
5.453617964371159
12.463589402429662
4.934514550692378
100.00000000000004
3.994369946842586
3.1553038724182567
2.571013894117821
3.2414092485950152
100.00000000000004
18.37408660732509
11.384648153601546
3.233520175525231
0.5486489049382952
4.167251645138561
20.652334942779902
3.235537081118379
4.368583925857938
2.5197593442434796
100.00000000000004
2.545082240595185
10.208986782796279
3.4202972911593243
100.00000000000004
5.934202609760488
100.00000000000004
2.613136234853446
3.482270899863668
100.00000000000004
19.38341802345665
2.858887146793908
100.00000000000004
1.9763108441476525
3.817624324756083
3.098174990685587
2.4426633221059637
100.00000000000004
3.5165773744931474
4.577153103133634
4.018258743085361
100.00000000000004
3.672836973619233
100.00000000000004
2.6750401179648735
100.00000000000004
4.722805630345425
3.177157802080515
100.00000000000004
6.990006728332348
1.3667950042025578
100.00000000000004
0.9816214451959038
4.141141330484801
100.00000000000004
2.019385597421733
2.70720374647584
2.3901021968803136
100.00000000000004
8.59907987296463
4.546308713404575
9.771721382272796
100.00000000000004
9.788991286850585
13.27605660886555
2.7233692390443465
20.379765144415735
100.00000000000004
3.5794624841799503
2.87360318021474
8.968990391079044
100.00000000000004
4.794344400032419
100.00000000000004
5.244983423669979
100.00000000000004
0.8280374057574367
4.562361478526787
3.1731598193072434
3.3814471890096036
3.8896436189833374
3.0561994229347373
2.8378388164609376
2.9804460822867718
4.993885985078177
4.5388618272891605
2.5756623924996602
1.9639373037294572
100.00000000000004
18.48737287004608
0.0
100.00000000000004
2.6459536968224975
3.1911854274745144
4.661841620661271
3.49748991937237
5.08764122072739
100.00000000000004
10.933606427372574
4.990049701936832
100.00000000000004
2.2566106884746566
5.1289349572760425
1.413521228962437
3.3582360261774293
100.00000000000004
1.5002365312853356
2.3383445446301243
3.8713182054813897
6.730900646889454
100.00000000000004
4.065425428798724
100.00000000000004
3.6353588668522963
2.916495972453022
100.00000000000004
3.5444720525979165
100.00000000000004
2.358655162325367
6.608973813188645
1.5347409473007245
4.546308713404575
4.767707020457095
3.673526562988939
28.917849332325716
3.7477767366779213
7.587138743477262
4.541535679304285
0.0
100.00000000000004
5.594147299480393
4.327930541119683
100.00000000000004
2.8873724146931603
100.00000000000004
7.078783800901503
100.00000000000004
18.838216514875327
2.2000115916912106
11.902001907030842
11.64394847706997
8.968622051963912
100.00000000000004
4.1202784939919095
7.653100286381306
100.00000000000004
3.277255146671484
100.00000000000004
3.30537010509803
1.962672844874697
5.401157445454033
100.00000000000004
17.38549204792405
2.3788204628888345
100.00000000000004
4.886496082151867
3.1371409927072325
100.00000000000004
2.1503312768483953
2.6289988705064
3.5379201027758134
100.00000000000004
3.4611065815582696
1.6224821466016939
100.00000000000004
15.269410536421391
3.737437943747671
9.51934081834847
6.786053138365654
3.667862829704212
5.675727444525874
13.679192123121886
10.19067192997668
8.116697886877475
0.0
4.9787068367863965
4.9787068367863965
8.139165682360764
100.00000000000004
5.35948812145954
11.868405219520975
21.804634581335275
5.653041175801492
15.33584608248073
10.552670315936318
100.00000000000004
4.4946920642205725
10.459930757536094
100.00000000000004
15.848738972120703
2.4426633221059637
11.561943344489475
4.923026124015933
100.00000000000004
16.341219448835542
4.880869806051147
4.721407515210036
3.511476270817333
8.493098745313148
6.770186228657864
2.8204902886485534
7.322786677139118
3.511476270817333
2.953456226863489
7.768562846380176
6.585833693600902
0.0
100.00000000000004
14.449759888807964
100.00000000000004
15.848738972120703
4.96274655104206
0.07517195964887861
100.00000000000004
10.786826322527466
11.56970650765539
8.116697886877475
0.0
8.116697886877475
4.9787068367863965
8.139165682360764
100.00000000000004
10.175282441454785
13.134549472120788
16.057799674873444
1.4064939156282428
5.058563503677708
15.33584608248073
10.552670315936318
100.00000000000004
4.4946920642205725
13.134549472120788
10.459930757536094
100.00000000000004
15.848738972120703
2.4426633221059637
11.561943344489475
100.00000000000004
15.848738972120703
4.880869806051147
0.7599444798187279
3.511476270817333
8.493098745313148
6.770186228657864
2.0253035698610993
7.886925179095772
3.511476270817333
2.953456226863489
9.669265690880861
6.585833693600902
0.0
100.00000000000004
17.612532279630987
100.00000000000004
10.786826322527466
36.78794411714425
10.19699615401849
8.116697886877475
8.116697886877475
8.116697886877475
4.091092899898373
100.00000000000004
21.3643503198117
5.090144684692121
3.0890553181566975
7.593603555191143
13.796620851017119
4.395664710378084
0.0
55.03212081491043
27.516060407455225
100.00000000000004
3.79315093083159
2.780297697974123
1.578994121820227
7.158561577277536
1.7705303846970066
3.7726698069117846
20.706193828327603
1.8160849415439309
4.065425428798724
4.278179264606695
5.815868174415823
1.5597579745575245
3.021786609950844
1.3294386917671333
0.0
2.4240945815868544
2.1359438528977344
0.0
100.00000000000004
2.263038683327676
100.00000000000004
1.4469287685376142
2.811952311082883
3.4416396896545045
0.0
100.00000000000004
3.7643702184669676
100.00000000000004
2.150991037393272
3.712934101015684
5.522397783539471
100.00000000000004
1.2350387043213578
1.9639373037294572
100.00000000000004
0.956608155503335
100.00000000000004
2.694351240818421
4.345953622855046
2.1058792457917748
4.446139354825901
4.416731303787464
2.2976650623085315
2.6744086455682297
3.1543637431547005
2.861618365506959
100.00000000000004
5.6819848506268045
2.9287045969803165
100.00000000000004
2.3497215931088395
4.990049701936832
3.1876202279142687
100.00000000000004
2.8837825661250105
1.8123095684554635
2.296741283800241
3.400539526864295
1.7652027385229012
2.4382987632581132
5.815868174415823
10.400597689005304
100.00000000000004
3.971893577078181
7.347053125977879
100.00000000000004
4.1197845628953935
1.79788147749564
100.00000000000004
14.598321511583913
3.072311854373273
4.2800572429218295
4.300847718252331
100.00000000000004
3.5410607693940146
10.549630947587664
0.8715381989472968
100.00000000000004
1.6137578575453888
5.862244939055158
100.00000000000004
3.468317761317914
3.4547556218725672
4.454698336653164
5.630400552901077
2.198466134297366
100.00000000000004
1.700269763432147
1.6526850525490153
9.880782578056978
100.00000000000004
5.279168299629467
3.119264617223544
100.00000000000004
1.8689407257208137
100.00000000000004
3.2054136314269437
100.00000000000004
3.487199294589303
6.437165254072419
1.6049509065753313
100.00000000000004
3.2845547332638505
2.719665272174911
100.00000000000004
2.053685011772383
100.00000000000004
2.6950637030839055
100.00000000000004
4.4900867121715455
3.787590515620031
4.854835952775197
3.019002462251501
100.00000000000004
1.618404981182474
100.00000000000004
1.3440570230735065
8.054496384843702
100.00000000000004
17.119469455160665
3.083840605907186
2.1133997218110347
100.00000000000004
12.587479060491315
100.00000000000004
3.428270436981208
100.00000000000004
2.2286524569685557
100.00000000000004
3.938469435022129
4.160079771564238
100.00000000000004
4.071281598834303
3.3984283835209204
100.00000000000004
2.575068691862118
15.97357760615681
100.00000000000004
1.8398497542209789
100.00000000000004
5.363139898027973
100.00000000000004
3.163806491756988
3.725917780842771
100.00000000000004
1.9045312326330073
2.647761414754653
100.00000000000004
2.7933135582058406
100.00000000000004
3.078561670883481
100.00000000000004
2.855432849923873
18.393972058572114
100.00000000000004
9.410489957951636
3.7477767366779213
19.716118825581447
100.00000000000004
4.2114313069039655
2.019385597421733
100.00000000000004
1.8348635409501401
2.4912438426130015
100.00000000000004
1.2876958282455686
2.392598022685055
100.00000000000004
1.3652973117916456
3.179670962657034
100.00000000000004
2.958481277591774
100.00000000000004
1.229983484984923
100.00000000000004
3.6468850718971586
100.00000000000004
5.522397783539471
10.682175159905848
100.00000000000004
16.233395773754953
4.771648139736871
1.6047299884724648
0.0
1.955773697745982
3.3864985683445354
6.3662717041219326
7.347053125977879
2.7673854938424567
100.00000000000004
0.0
2.7496722610884965
6.750770046010028
3.2845082273368287
1.6021319366618685
100.00000000000004
0.0
5.751391809950023
14.939354788683527
3.6509849664839966
100.00000000000004
0.0
4.376342424085828
100.00000000000004
11.631736348831648
3.802351022611669
3.9400189957219194
100.00000000000004
0.0
12.68729541526265
4.417593887954811
6.047940607518401
4.7095307059916625
4.266331692956901
4.513617516969122
4.248274560651114
100.00000000000004
0.0
10.373198738191457
1.950443326499412
2.6185613975830515
2.328734903585348
100.00000000000004
14.794015674776452
8.675381460661162
3.1767169224574134
7.485531475323083
1.5397066946965314
3.0663804738958174
100.00000000000004
2.627961710408444
5.24130629204641
2.6396738945777796
3.055558755203381
100.00000000000004
4.9787068367863965
5.494526442892586
100.00000000000004
0.0
5.003531003811524
2.5632926355793715
4.8003676171602985
3.796469564911484
4.930993197368285
5.27017842228786
100.00000000000004
0.0
2.764424811291322
7.687847996206941
0.0
6.27465531099474
15.97357760615681
100.00000000000004
0.0
3.5222685267324185
0.0
55.03212081491043
2.841951351942863
1.7035962947530545
0.0
4.677186334972459
3.9645132534206886
24.880469496253564
5.860903366064037
100.00000000000004
7.809849842300637
6.284255016179495
31.947155212313625
23.501177624709563
100.00000000000004
0.0
6.327343220583575
3.133153668137265
100.00000000000004
31.947155212313625
4.016138436407654
100.00000000000004
0.0
2.4693249678305422
100.00000000000004
0.0
2.7076576267554477
10.09083540416532
2.9859662827819125
12.43423351463457
3.3864985683445354
4.062073000466026
3.759390228105151
0.0
0.0
100.00000000000004
2.252278368576829
100.00000000000004
2.2266617638454975
100.00000000000004
0.8327048903149702
100.00000000000004
4.016138436407654
100.00000000000004
1.3737889784665156
4.016138436407654
4.300847718252331
6.888760719763398
8.865943489652768
13.08508177121638
0.0
6.567274736060395
12.872632311973014
13.134549472120788
10.682175159905848
23.356898886410015
5.693025330278465
7.809849842300637
3.7726698069117846
8.116697886877475
0.0
6.9717291216921975
4.9787068367863965
0.0
4.1858747270392405
12.173115521158184
2.7481079170226637
5.774215690081124
2.5828020030551087
0.0
0.0
6.567274736060395
0.0
0.0
12.872632311973014
0.0
13.134549472120788
0.0
10.682175159905848
0.0
23.356898886410015
0.0
5.693025330278465
7.655122720591221
7.809849842300637
39.43223765116288
9.980099403873663
3.7726698069117846
5.366912772746423
8.116697886877475
4.319402267866687
5.451525752850335
22.772101321113862
6.9717291216921975
0.0
10.936842670084799
5.730439214693395
0.0
5.806539353955555
8.19748778270835
4.02724819242185
6.250381527944883
19.840964171960337
6.986768364373987
5.0243511979240845
4.350111698509566
3.192969941998698
5.577683931475492
2.0752738657056446
17.046557664397653
1.959112715219604
8.116697886877475
6.786053138365654
3.890531292833292
4.196114906296549
100.00000000000004
5.165604006110218
7.238177794755686
4.196114906296549
100.00000000000004
4.313030420862794
100.00000000000004
3.8913236270479263
15.97357760615681
100.00000000000004
3.2014253445449294
13.533528323661276
100.00000000000004
5.9301464150791805
100.00000000000004
9.384750543036047
24.76355091352302
5.4109701071446015
3.418716985584398
100.00000000000004
4.085892079136997
11.790482556944646
100.00000000000004
5.3836038525900545
100.00000000000004
6.065759913277186
100.00000000000004
1.6800366880109576
6.437165254072419
4.675717426596492
2.3940383992314147
6.031470124282465
12.097786402359946
100.00000000000004
15.493622038890896
3.817681337429047
3.7477767366779213
5.860903545110117
14.459757409463073
1.9011755113058346
100.00000000000004
3.4181623565879518
27.516060407455225
100.00000000000004
3.259631698411772
3.1332690353393544
5.722799034162393
2.717188325806091
17.20339087300932
5.27230716198966
100.00000000000004
3.430282112563312
100.00000000000004
5.800592859934649
0.48807712551204563
6.1024055573984235
5.441503065865824
4.504556737153658
10.459930757536094
3.154679192880651
3.6248668781408675
17.816610034020904
7.9671045730200625
100.00000000000004
4.968018039415939
16.515911948347043
3.0177461192006465
5.4109701071446015
4.7048051281222065
12.499104755131295
23.274285105688467
100.00000000000004
2.905473846248816
13.68839049090644
3.883782267285417
9.53539021679858
49.99999999999999
10.241985743496041
3.8172506666978214
3.235912122544166
7.259388368490708
3.5656015402393963
12.600736402830258
100.00000000000004
4.038384207396791
3.7385056496038347
12.600736402830258
12.313231375944543
100.00000000000004
10.63861135675015
100.00000000000004
8.63325232810271
100.00000000000004
3.395776631557144
100.00000000000004
3.7744757410480823
100.00000000000004
2.6830716106301087
3.284586897669342
100.00000000000004
4.512485381915763
100.00000000000004
1.9004119257585186
4.141141330484801
100.00000000000004
3.6018137269927437
6.864177045106324
100.00000000000004
5.094750853242556
100.00000000000004
0.7060069513648596
4.640166742104312
5.7259987315337755
3.0379937028521833
3.5689632536474547
3.0458656450962613
0.5450287747855477
100.00000000000004
15.111178745869795
5.7259987315337755
3.005980739010352
17.965205598154213
100.00000000000004
3.9417418116798686
2.8288429191438893
6.132910803680852
5.795599612995366
100.00000000000004
20.614095623190448
4.559374318968172
100.00000000000004
3.3518388426385206
3.4331054109918173
1.816230541030891
100.00000000000004
2.867273570500278
4.4857451372357415
100.00000000000004
9.863896659003583
100.00000000000004
1.5180095276341725
5.439016551204118
100.00000000000004
4.814971807094068
4.368583925857938
11.198351103651401
5.398936096115482
5.7259987315337755
2.2286524569685557
100.00000000000004
1.886782264636293
1.4759125464372254
2.4426633221059637
100.00000000000004
4.217243447686785
4.141141330484801
100.00000000000004
3.1292740611999936
100.00000000000004
29.624898711976055
8.769781116503026
100.00000000000004
3.6353588668522963
4.100530090638892
100.00000000000004
3.209661149185947
100.00000000000004
1.793443763338368
100.00000000000004
6.608973813188645
4.000434157487813
9.555181844280419
6.38392685928345
0.0
1.4312592902746966e-18
0.0
5.620596263881406
26.269098944241588
20.103658109723
2.8099817702511314
3.4197980307804725
4.311716969397525
4.987920159185045
7.705829865251781
4.02724819242185
5.431360807863856
0.0
4.288074334657599
1.4312592902746966e-18
0.0
5.620596263881406
26.269098944241588
20.103658109723
2.846571974265989
3.4197980307804725
4.311716969397525
4.987920159185045
7.705829865251781
3.1251907639724417
0.0
12.600736402830258
6.528998699722398
0.0
7.495553473355845
6.003868131121718
3.902159815730049
3.0016107598030253
3.8253628844009158
5.578903760478176
4.548910193251546
5.015860088763067
5.674924591327146
2.8267740006674225
8.400635914050161
4.9636696605984065
2.5627698073202443
3.926081779509229
12.916779221766827
3.0996768685007687
5.944098229470022
7.881926575633942
24.997758323995956
100.00000000000004
0.0
7.597412480462971
8.116697886877475
100.00000000000004
3.9129142320517105
100.00000000000004
3.8241802722673155
2.6545514585246464
5.291907393644995
5.044526430334175
44.12484512922978
3.903035894262229
15.97357760615681
100.00000000000004
18.35380833087237
18.23873725658375
4.5088043638672195
100.00000000000004
3.5868875266767355
2.2816364972277268
5.606225283872362
4.347676331342799
1.941907115484886
3.716499092256817
1.9251563465197827
17.491650626361256
100.00000000000004
2.5701616129104425
5.927827416165384
1.793443763338368
7.7834801557156075
3.592215058169824
0.0
22.866722231574908
4.078789399543854
3.22520988628459
12.425342874478343
9.40297729239083
4.814971807094068
27.516060407455225
5.05722564413474
3.0890553181566975
8.442885109088866
6.770186228657864
4.265552167438487
1.6526850525490153
2.2608914449138346
9.548450962056531
5.276989668327205
4.521356896113449
100.00000000000004
3.7663644421027747
2.150991037393272
3.3405357906244633
2.5828020030551087
3.5198870526684183
5.9273053487055645
10.600313379512592
2.4003232928049276
0.0
100.00000000000004
13.232291594986311
3.41534453116433
4.546308713404575
19.37692912686648
100.00000000000004
5.719402148487026
0.0
100.00000000000004
11.611271575818224
5.522397783539471
100.00000000000004
2.2532931552596334
100.00000000000004
6.018930579949062
4.644597192919097
10.147104008451905
100.00000000000004
21.22449941304999
100.00000000000004
12.704578348554463
8.84838932985948
100.00000000000004
3.474656528157039
10.209884134338846
16.02982570215998
9.186672262412122
5.462428008829319
6.754312828675707
17.694975149532556
100.00000000000004
100.00000000000004
6.92421610624144
8.294515340989209
2.4995511128028522
0.0
18.37243666159123
31.912901122227073
24.07843507482262
11.15650800742149
100.00000000000004
5.773939098578729
19.24353094166866
5.090564127188442
4.062582855427254
12.217114537124342
100.00000000000004
0.0
100.00000000000004
14.083316217096865
6.567274736060395
100.00000000000004
2.210849527894917
2.89826796679793
100.00000000000004
3.4224234496214927
14.127216461522432
100.00000000000004
4.141141330484801
100.00000000000004
2.8265205879007453
2.432768368840557
1.339025769867712
1.9218385341145365
2.9048161683970806
0.0
6.191082705295718
2.9579873965912293
5.294354493750472
6.644720506843682
3.9566236357113054
0.6609671806760291
1.8118127642614
1.6233485710725368
0.0
1.8495374634954793
2.7150540610288325
8.116697886877475
100.00000000000004
1.7227831347538063
2.0128303461390598
1.3406098771393427
0.4206966363376209
100.00000000000004
1.4820366297981664
1.400976096837901
0.0
2.4347130516557893
2.1348070925711258
5.42821064703297
5.122337293452565
0.0
1.3242086882655841
100.00000000000004
3.069063876134672
0.0
100.00000000000004
4.172876534820818
0.6005622698969378
100.00000000000004
3.0989439600214985
1.9718317041467153
0.0
100.00000000000004
2.4148450315167036
1.3209427368910835
6.559989200002874
2.756262544536186
1.148916704578804
5.941103474737017
5.517784889816492
4.582639528907911
5.693025330278465
100.00000000000004
5.876350803261633
100.00000000000004
2.9495483065082233
8.975051304083328
100.00000000000004
5.2336991453988775
100.00000000000004
8.872880918095708
2.6992469873218288
6.855230596363259
5.439330544349821
100.00000000000004
2.6147873694061268
100.00000000000004
0.0
100.00000000000004
3.1484206933288705
3.408049375646852
2.8586838330063986
5.401157445454033
3.673526562988939
6.423094863383858
6.035420398122437
5.2573138446975785
100.00000000000004
3.7266564059698006
9.965112865759156
100.00000000000004
1.1785155469972277
7.545383788761362
100.00000000000004
10.316825358380957
100.00000000000004
1.6306264059298223
3.4585921141027356
100.00000000000004
5.820131761228076
100.00000000000004
7.997015095679198
100.00000000000004
4.204940373858493
3.4197980307804725
100.00000000000004
0.0
100.00000000000004
9.310130500686267
5.134877429943371
3.8856030467268496
3.228701774775235
100.00000000000004
8.935893367736258
100.00000000000004
6.104393655998346
8.049803539447524
100.00000000000004
0.0
100.00000000000004
4.289916570075929
100.00000000000004
9.686438070306528
100.00000000000004
36.78794411714425
100.00000000000004
2.608796433416353
100.00000000000004
6.680755269609315
6.627883802743566
100.00000000000004
5.1289349572760425
100.00000000000004
2.1147443100385908
6.757878745244754
0.0
11.553079560489511
5.730674562431035
1.9011755113058346
0.4834718224327981
3.6251833257001556
4.175872565419194
1.797444715679316
0.0
1.8315638888734187
2.731248660509245
100.00000000000004
5.4951559138660615
3.485259483019947
8.066469669770399
6.025781665688239
4.081349668469884
0.0
5.816635421147515
7.439820585622744
6.8962421077164695
100.00000000000004
8.015124171045194
8.671088554429698
3.74593986232833
1.2129160218336537
8.171014300726602
13.599889117478053
7.655122720591221
8.234891424657139
4.277213401227561
7.410494411527525
19.037689626253737
11.244240791697315
6.6845639194036
3.3160570385349155
2.6117888703725427
2.7233611121729115
5.255923420816886
8.453243466059995
4.675717426596492
2.8731570526769397
9.160944396916168
3.868564529208581
3.8936475955269585
14.286860284036434
4.372668188956426
4.150547731411289
5.116418515110483
0.0
2.9142572019867665
1.8740522400825936
5.105529234428827
3.024013058564637
5.603240270747239
3.819731251189801
10.689775431636136
100.00000000000004
2.618648610323424
1.8564670505078418
2.447200525926556
3.395776631557144
6.178110636313396
5.6531710785114235
11.339279743017055
100.00000000000004
13.819773752147391
2.908317710573757
2.7156804039319287
3.820387779412009
100.00000000000004
2.6203411029190415
6.466244170576836
1.1968635288771736
2.738974061202456
2.89559688189241
2.1923970816197556
4.879500364742665
2.1448935777350973
4.073155345362124
8.913765521398126
100.00000000000004
5.934514849607121
5.751391809950023
4.141141330484801
6.244385951234724
2.9617257430023716
3.377156414337854
4.62858042727211
2.449932250423938
100.00000000000004
7.164684238257436
5.83789857888301
15.090767577522726
5.064476165466096
2.5047637508926086
4.503733751056993
4.278179264606695
0.0
6.939483445074506
100.00000000000004
3.673526562988939
100.00000000000004
11.114924776032012
6.228496954013446
2.6626404280866027
4.269431709572195
6.544400177153368
3.21858262703621
0.0
11.831485414972242
0.0
0.0
0.0
3.2459635577375874
5.527853574169514
5.669791110976001
1.966535624321864
7.705829865251781
0.0
4.319402267866687
0.0
0.0
0.0
2.426532257432171
3.2459635577375874
5.527853574169514
5.669791110976001
1.966535624321864
7.705829865251781
6.217116757317285
0.0
10.786826322527466
6.971279378740159
19.070828081828378
0.0
3.435812002459847
5.111806037857579
4.78412514600175
3.149696072246702
5.011597290477271
2.4426633221059637
2.953070313814275
3.8271562758983246
7.835854874838935
3.673526562988939
2.9867390496386634
5.096790497964662
4.196114906296549
51.697315395717055
17.799177396293473
0.0
2.4779853471705344
3.435812002459847
5.111806037857579
4.78412514600175
3.149696072246702
5.011597290477271
2.4426633221059637
2.953070313814275
3.8271562758983246
7.835854874838935
3.673526562988939
2.9867390496386634
5.096790497964662
3.5513367985431006
3.673526562988939
4.319402267866687
0.0
0.0
1.8233252908535813
15.540137421056594
2.6779624945488485
12.212865548711084
3.1119761307460037
3.673526562988939
0.0
36.78794411714425
36.78794411714425
100.00000000000004
4.926286649301682
7.771324020744104
3.978075801637374
3.9164496650022476
2.352622489487909
3.5823421191287177
100.00000000000004
0.0
4.990049701936832
2.034419869311294
0.0
100.00000000000004
39.43223765116288
4.087670487427096
5.412989186545263
2.764424811291322
2.4584330069928324
2.943125313071202
2.8138321975217897
3.8419082786159975
1.943043650185126
0.0
2.5965869527750165
100.00000000000004
18.651037016317517
3.012124182154256
2.564755813286796
2.8856494253219522
2.447914917271693
0.170157794255329
1.9468237977634792
3.74695180508979
2.9423182863456567
3.790021175805422
3.6864923171810835
10.122592925934278
100.00000000000004
0.0
0.0
7.413019418991888
4.456882760699063
10.413029177416922
15.97357760615681
3.7477767366779213
5.0423193086866025
0.0
8.392229812593097
6.019608768705656
59.460355750136046
1.543228837249852
0.0
6.609199691337807
2.847964238283142
19.716118825581447
100.00000000000004
0.0
0.29082505760354055
1.723320443650284
6.033504141761816
4.173786226920931
3.249046610931786
5.3328182230107855
0.0
2.7101496987337943
2.224972978585352
0.0
3.7644257151903666
2.862999365766888
0.0
5.522397783539471
4.038971178834543
0.0
6.5072047892740885
7.491281958423809
0.0
2.862999365766888
0.0
7.809849842300637
1.8888209302404182
2.54389214461475
0.0
0.0
0.0
2.502087684491276
3.2808945250121395
3.737437943747671
2.583127052981358
5.996321644544344
10.624793541906813
7.347053125977879
0.0
100.00000000000004
100.00000000000004
4.003780669427554
8.889175589171739
100.00000000000004
0.0
1.871673559355595
4.616300664956144
100.00000000000004
5.965095738919936
5.412989186545263
2.692560122908792
2.1081537259479965
2.4199691197823903
2.666510768398222
0.0
2.840992425313402
100.00000000000004
13.485078167116281
2.960422771475006
2.719665272174911
2.0012754981948837
0.0
3.8864116292272546
3.790021175805422
2.445593937240363
1.0813464782262627
4.050716856877363
100.00000000000004
10.923299908191149
7.66054458298873
2.403773500979825
6.417903345982707
2.8752756483814883
6.551247989407595
2.771954341054348
1.382212405645661
9.379601158083608
3.1920766191221395
18.99589214128981
100.00000000000004
0.0
4.880613435725962
0.0
100.00000000000004
0.0
3.098174990685587
7.413019418991888
4.456882760699063
6.495032985064742
12.44023474812678
3.7477767366779213
3.1229940167024517
0.0
8.392229812593097
6.019608768705656
46.30777161991026
1.543228837249852
6.129055270897608
5.200008121853044
0.0
2.820988358650873
21.29480760387301
5.669791110976001
5.401157445454033
1.6466642419110007
3.436365939348104
5.689102470554942
1.3362018310251367
12.703318703865365
5.255923420816887
5.6858409674376205
0.0
0.0
3.7776418604808364
19.716118825581447
100.00000000000004
0.0
6.683994286787422
2.1366487289112728
6.033504141761816
4.2421490698425846
3.249046610931786
1.8572005650159946
0.0
2.432074937831609
2.224972978585352
0.0
3.21858262703621
3.2244357206306944
4.8589719316429765
0.0
5.669791110976001
3.8931173811113617
0.0
6.5072047892740885
7.491281958423809
7.16047614494885
5.644073331862437
13.754878494693164
2.3614815737305883
3.4857116957065437
9.59330328254962
0.0
2.862999365766888
0.0
6.916271812933183
3.451294450709141
2.282425022222562
1.6298158492058863
3.7052472057637615
0.6282878523720715
8.116697886877475
11.868405219520975
11.631736348831648
1.3223356536082838
5.247961359299579
4.807676648507654
0.0
100.00000000000004
8.840994001530047
10.552670315936318
12.285946074705661
5.244835934727967
100.00000000000004
5.704212259993485
100.00000000000004
4.307355067784676
6.333688471052886
8.116697886877475
12.874330508144842
7.495553473355845
18.325568129983203
8.403703759902122
1.1961822708629277
3.3613183938332405
5.719596624536263
3.8132156909602473
4.759249402670897
9.868209342887877
0.0
100.00000000000004
4.255541381996154
10.552670315936318
100.00000000000004
1.3561847335273929
10.682175159905848
6.567274736060395
0.0
6.567274736060395
36.78794411714425
36.78794411714425
36.78794411714425
36.78794411714425
0.0
10.682175159905848
5.495155913866063
2.9413895588022534
4.041034416763137
2.923637789252517
13.536681105774234
3.0334290974252256
4.223886871268327
0.0
100.00000000000004
0.0
2.1503076329338175
1.7227831347538063
3.261445761657491
4.546308713404575
3.787865612579481
2.9799893137327635
2.3575732055675065
3.5527769567510448
3.494449212088392
4.7146273684904685
4.069665916153754
1.9822566267103439
0.20747524256260697
2.826585539255712
5.037094796712789
3.3521699515694836
2.8265205879007453
100.00000000000004
0.0
2.7357985763280643
2.0244462660665508
4.237713199752784
6.196349981371174
2.8403891990720456
100.00000000000004
11.15650800742149
5.868924818816531
3.776949794525175
8.096427645620341
4.739104762336937
3.4009125700807723
2.2333118979022744
1.4765351569071374
4.317040729674101
2.159701133933343
5.783997547556231
4.1202784939919095
0.0
2.8629993657668873
5.412989186545263
9.676299317379897
4.830183694310546
100.00000000000004
5.08764122072739
1.9768266516775843
5.538003944406129
2.8048598302198355
2.9613343168730286
5.298067422071572
100.00000000000004
0.0
2.5071433358884123
2.0929373635196202
4.175132175580447
3.42209762272661
4.065425428798724
8.130850857597444
4.303846266589083
7.660085066026406
6.150343144231885
2.626515097878752
3.989099943658874
0.0
6.722636787666482
3.8800508109835707
2.379201851334088
1.5330462064343475
3.802351022611669
1.7577459356554812
3.4352376920340264
4.449945957170704
1.727223799216787
23.89997677137506
4.3143393655527165
9.31820340353328
100.00000000000004
49.99999999999999
3.4516983343392114
1.933428372799275
5.554958517844179
100.00000000000004
11.15650800742149
21.648693746244412
7.5547855091893155
8.570827906588853
17.12254850468767
16.256774711563594
8.097785064266201
3.8860873003702516
9.859868213786308
5.3475478283692555
5.356850921756574
