28.797065314199507
51.697315395717055
0.0
6.567274736060395
31.947155212313625
21.001228439770117
11.966557505142486
5.166045454134253
8.17178415827399
10.599624480587412
4.789232204309912
100.00000000000004
41.25695036663961
13.378294770271808
10.13218731740451
3.9016631127179084
22.604792910466212
19.641187319688214
3.951744928978941
12.041967048228813
15.471969135742526
13.122098037282138
2.840992425313402
5.291907393644995
22.547685487420004
31.592731174318388
10.575869263427098
6.439931429457922
3.4458348440070794
7.593264650782743
8.889175589171739
23.20996568204531
37.951049074930744
16.622445882580408
32.99292579001791
12.011055432195764
3.737437943747671
17.12473044894657
44.271144834416575
44.29311594881769
0.0
13.292417883329383
31.947155212313625
0.0
6.567274736060395
31.947155212313625
12.13981504232515
14.161109147663419
14.04301646510462
11.008902897483148
10.682175159905848
14.535768424205482
10.92224147732122
2.8398387225677895
2.4294859658214887
12.35622127262679
8.17178415827399
7.378790595215932
20.42819529610957
6.225616866546953
15.310245441182444
6.837203339116283
4.7095307059916625
9.188199508336679
29.245547699115484
6.237923061531353
13.532782285962098
19.29351866418487
100.00000000000004
17.57208841022317
6.726687248488958
10.71370184351315
25.362045675795127
100.00000000000004
12.586347848916265
6.708839685423083
8.388290722180392
4.56810569883816
16.9743842334312
3.377156414337854
10.845182904139573
4.553719184146073
17.416017679231427
5.32864224277779
4.546308713404575
3.022151882322905
18.325671805686518
12.630268049376259
25.848657697858535
4.09572152421563
3.9566236357113054
11.633270842295028
5.360674677148876
4.624569597923611
13.169160458462834
3.2342452920962157
3.1221929756173616
2.8182998883818935
2.8838923072811085
3.066455401840426
19.500507550993692
3.5770683831958947
3.172414419318193
4.732282816043108
17.933184525959618
4.884387930507875
7.700444808477238
6.667753529251714
10.511846841633776
13.785929931830408
13.203863485306165
9.103526405546068
9.560408787521254
10.900096978029115
20.075500853690937
13.87263816762606
1.4798457061600891
28.85626814756087
20.01670147593022
36.422412104676525
19.262008310239533
10.273756991976558
10.832889462908373
35.21555586746716
21.651320606837423
19.363013314650917
14.740302217889397
19.60827048547964
9.000099161484185
21.50981214328024
11.208466750961147
9.955175595508964
12.31204387162238
14.38894208306889
11.799613857915187
11.882863899773403
6.258112715627703
32.3384287069116
7.613630012682585
26.80102298488869
8.73716785171588
18.52972751417938
29.660903203497252
24.07843507482262
8.429428423286875
35.08439695638686
30.780921041694775
31.55984539112946
6.444101124989783
24.76980256562108
4.289262244586197
16.299446731288935
2.6012776881549313
19.547215688069816
20.918707282385295
100.00000000000004
9.379601158083608
100.00000000000004
2.1671320168371846
30.143352515082135
100.00000000000004
4.701488646195416
100.00000000000004
2.0367079635817533
9.092617426809149
45.44728786551431
42.35810233590706
18.36028134946796
9.950381656434065
0.0
0.0
21.71788734284663
31.947155212313625
6.567274736060395
6.567274736060395
18.57260179306349
13.821098063724328
100.00000000000004
100.00000000000004
17.27160009442635
100.00000000000004
16.850986730147987
100.00000000000004
12.177530069670226
1.0290875465337685
0.0
39.12360608928473
31.947155212313625
0.0
100.00000000000004
31.947155212313625
16.114834653791625
14.161109147663419
14.04301646510462
11.008902897483148
10.682175159905848
100.00000000000004
29.019005836887168
2.8398387225677895
2.4294859658214887
21.466721963413715
2.1601524349994397
33.64932442330151
2.4776129550240196
6.837203339116283
27.17397378533759
6.923692285506125
10.71370184351315
24.462046580445964
3.4026474696813755
34.19664738551678
100.00000000000004
4.7095307059916625
9.188199508336679
8.35094488235499
12.072911810613604
10.637239250874241
17.12473044894657
29.992584892763745
100.00000000000004
18.93044018806805
11.36025775201101
8.388290722180392
8.419851543319849
3.377156414337854
20.826058354833847
4.553719184146073
4.34373789135831
7.655122720591221
19.64073254502565
100.00000000000004
5.32864224277779
100.00000000000004
4.546308713404575
100.00000000000004
2.4521194566693616
18.325671805686518
34.09496734277343
100.00000000000004
25.848657697858535
100.00000000000004
3.5728707121279504
3.9566236357113054
100.00000000000004
18.556675930109115
9.029577236968043
3.9645132534206886
100.00000000000004
5.504869376092799
12.049845049320334
3.0098043843528286
3.1221929756173616
100.00000000000004
2.8182998883818935
2.6594139297659902
3.066455401840426
100.00000000000004
19.500507550993692
100.00000000000004
11.750296943620288
100.00000000000004
5.430652058249006
100.00000000000004
3.0181996948701975
4.732282816043108
100.00000000000004
7.667376838121319
100.00000000000004
7.700444808477238
6.667753529251714
100.00000000000004
20.361544504705098
13.203863485306165
9.103526405546068
100.00000000000004
9.560408787521254
10.900096978029115
20.075500853690937
100.00000000000004
8.13975943988275
20.210771490685076
5.875581881262648
36.422412104676525
100.00000000000004
11.913050367711826
10.832889462908373
35.21555586746716
100.00000000000004
21.651320606837423
100.00000000000004
19.363013314650917
100.00000000000004
14.740302217889397
19.60827048547964
9.000099161484185
21.50981214328024
14.644189771957205
12.31204387162238
15.88063965060093
17.033710069295566
11.882863899773403
6.258112715627703
17.58818104423743
5.429582722028727
100.00000000000004
17.726777658225775
8.73716785171588
100.00000000000004
18.52972751417938
29.660903203497252
24.07843507482262
8.429428423286875
35.08439695638686
100.00000000000004
27.89276840029175
31.55984539112946
100.00000000000004
6.444101124989783
24.76980256562108
4.289262244586197
16.299446731288935
100.00000000000004
13.725807740244838
19.547215688069816
20.918707282385295
100.00000000000004
9.379601158083608
100.00000000000004
2.1671320168371846
30.143352515082135
100.00000000000004
10.052917730344394
100.00000000000004
1.9806835695592746
9.092617426809149
45.44728786551431
42.35810233590706
18.36028134946796
9.950381656434065
53.107253497886994
31.947155212313625
0.0
100.00000000000004
31.947155212313625
15.819023927338092
14.161109147663419
14.04301646510462
11.008902897483148
10.682175159905848
100.00000000000004
27.009707046946847
5.412989186545263
9.392425050168402
100.00000000000004
10.508106635796581
9.84934946888872
100.00000000000004
29.501718437792828
9.672649511413097
6.837203339116283
4.7095307059916625
9.188199508336679
26.236288516506676
3.644439077831288
100.00000000000004
17.57208841022317
6.726687248488958
10.71370184351315
9.669265690880858
100.00000000000004
16.562574029564235
11.36025775201101
8.388290722180392
8.419851543319849
3.377156414337854
20.221759936736778
4.553719184146073
5.32864224277779
4.546308713404575
100.00000000000004
2.4521194566693616
18.325671805686518
34.09496734277343
100.00000000000004
25.848657697858535
100.00000000000004
4.09572152421563
3.9566236357113054
100.00000000000004
18.556675930109115
13.10743706592535
100.00000000000004
7.856164757236894
12.049845049320334
3.2342452920962157
3.1221929756173616
100.00000000000004
2.8182998883818935
2.6594139297659902
3.066455401840426
100.00000000000004
19.500507550993692
100.00000000000004
3.5770683831958947
100.00000000000004
3.0181996948701975
4.732282816043108
100.00000000000004
8.442327695262986
4.884387930507875
100.00000000000004
7.700444808477238
6.667753529251714
100.00000000000004
20.361544504705098
13.203863485306165
9.103526405546068
100.00000000000004
9.560408787521254
10.900096978029115
20.075500853690937
100.00000000000004
8.226828075231412
20.210771490685076
5.875581881262648
36.422412104676525
100.00000000000004
11.913050367711826
10.832889462908373
35.21555586746716
100.00000000000004
21.651320606837423
100.00000000000004
19.363013314650917
100.00000000000004
14.740302217889397
19.60827048547964
9.000099161484185
21.50981214328024
14.644189771957205
12.31204387162238
14.38894208306889
17.033710069295566
11.882863899773403
6.258112715627703
17.58818104423743
5.429582722028727
100.00000000000004
17.726777658225775
8.73716785171588
100.00000000000004
18.52972751417938
29.660903203497252
24.07843507482262
8.429428423286875
35.08439695638686
100.00000000000004
27.89276840029175
31.55984539112946
100.00000000000004
6.444101124989783
24.76980256562108
4.289262244586197
16.299446731288935
100.00000000000004
13.725807740244838
19.547215688069816
7.425868202031366
20.918707282385295
100.00000000000004
19.338531381761715
100.00000000000004
2.1671320168371846
30.143352515082135
100.00000000000004
5.0877842892295
100.00000000000004
2.0367079635817533
9.092617426809149
45.83859158362779
47.55160782268483
18.36028134946796
17.77835117834348
6.250381527944883
3.2342452920962157
7.670681079114461
13.985428919023173
100.00000000000004
100.00000000000004
15.111076258068254
12.758497299770568
100.00000000000004
8.68984744129546
100.00000000000004
13.179127977781203
100.00000000000004
15.33584608248073
6.6145736063262985
9.072069007511594
30.648595997659072
11.36535202319117
100.00000000000004
21.125011102088553
26.412200863766426
100.00000000000004
14.56953661492394
100.00000000000004
4.072908828362299
2.1601524349994397
5.993031480537873
100.00000000000004
30.959732873902002
11.57499860161706
100.00000000000004
4.3006625536967915
17.898985505005108
100.00000000000004
2.4821791390540886
8.43334186160618
7.200012432959289
100.00000000000004
4.0341101701202575
40.05107169543192
100.00000000000004
9.217580285191405
3.4585921141027356
3.21858262703621
49.202745153855076
4.023185929567685
10.845182904139573
13.679192123121886
31.53554052490134
31.947155212313625
0.0
100.00000000000004
31.947155212313625
10.521495173810226
100.00000000000004
20.38139599263806
22.957488466614326
47.2717461699263
7.014807025282333
10.738037495669008
7.495553473355845
100.00000000000004
11.191021613657748
19.601663253740664
100.00000000000004
32.159351091190125
12.164440704745648
32.5655238194542
11.980914528565991
100.00000000000004
15.619699684601276
8.054496384843702
7.673921119064523
4.5739135561238005
7.288423074861306
9.287528999566801
6.6001489236225614
8.023249425441447
17.878540236558916
36.89289146473521
9.669265690880861
20.706193828327603
4.85851417160653
100.00000000000004
40.49339812439332
100.00000000000004
32.159351091190125
24.178478188585576
7.955891555490761
100.00000000000004
13.784336590962209
26.89054715066592
31.947155212313625
0.0
6.567274736060395
31.947155212313625
10.521495173810226
100.00000000000004
41.80134288483487
35.49481056010054
25.722917152071542
17.288741231277985
6.23623194789199
10.738037495669008
7.495553473355845
100.00000000000004
11.191021613657748
35.49481056010054
19.601663253740664
100.00000000000004
32.159351091190125
12.164440704745648
32.5655238194542
100.00000000000004
32.159351091190125
8.054496384843702
9.46543271345585
4.5739135561238005
7.288423074861306
9.287528999566801
5.219941131290507
8.66499164343746
17.878540236558916
36.89289146473521
9.669265690880861
20.706193828327603
4.85851417160653
100.00000000000004
39.52880716032723
100.00000000000004
13.784336590962209
0.0
22.72788473419833
31.947155212313625
6.567274736060395
6.567274736060395
6.054506513220935
100.00000000000004
15.619699684601276
2.719665272174911
15.97357760615681
8.054496384843702
17.855149299161596
5.719596624536263
100.00000000000004
34.66806371753173
10.682175159905848
100.00000000000004
11.09209374832408
3.522178852298636
4.625799890348223
9.147827112247601
4.85815973404977
4.334264033674369
14.90896080339584
4.085892079136996
2.908317710573757
4.456882760699063
4.02724819242185
6.106432774355542
5.901430676196751
3.5358056707011327
17.20339087300932
6.0962751272011575
6.058940427955915
0.0
100.00000000000004
9.37323549001147
100.00000000000004
6.522891523314982
8.383924775392588
4.706245775582226
0.0
100.00000000000004
6.106432774355542
100.00000000000004
2.0398734695274308
3.025214638175392
5.816635421147513
100.00000000000004
2.124035816216534
3.139096317477326
100.00000000000004
2.215443967446686
100.00000000000004
3.6221192013782493
5.134877429943371
8.4054626640625
2.747577956933031
9.52228330879606
4.4690768083252275
3.731229856947626
3.459819640550157
10.256732621615276
100.00000000000004
3.1846520522279267
3.9772083996932914
100.00000000000004
1.5167145487126126
3.377156414337854
3.960019321771769
100.00000000000004
15.412719160788987
11.622111816655842
17.22979970266795
20.39484832975544
4.15466379165763
3.785232899659392
4.767707020457095
22.089591134157878
100.00000000000004
4.701712638603977
3.2342452920962157
100.00000000000004
19.98951601646584
5.5265852587252775
100.00000000000004
3.7559679381789843
3.787865612579481
2.6058908670542285
5.0735520042259505
100.00000000000004
4.040010362925533
3.716499092256817
2.266105731214982
100.00000000000004
2.427417976387598
3.4585921141027356
100.00000000000004
4.553719184146073
3.8642819753170357
6.220297046655104
3.4585921141027356
11.810019511256618
100.00000000000004
4.826741258911655
2.961853899298388
27.694132751313415
100.00000000000004
5.377499892078465
5.227992759507352
100.00000000000004
11.620051194987182
100.00000000000004
3.7199957736017497
100.00000000000004
3.4301479951801634
5.237520761048587
3.9599867368850297
100.00000000000004
4.090688941829
4.814971807094068
100.00000000000004
6.752097891502826
100.00000000000004
8.460572677950347
100.00000000000004
13.53628615672698
5.7606800493812065
14.897768288578156
18.058384719012576
100.00000000000004
18.381385181791956
100.00000000000004
2.5914028263588476
8.493098745313148
100.00000000000004
22.15212161545071
2.888933649227603
4.518616926013006
100.00000000000004
14.629856616848286
100.00000000000004
3.0516053024995236
100.00000000000004
3.1041505410946155
100.00000000000004
10.555490754599447
3.989099943658874
100.00000000000004
15.368789366602009
5.130010185814213
100.00000000000004
5.34798030961333
21.3643503198117
100.00000000000004
9.434386306084008
100.00000000000004
10.555490754599447
100.00000000000004
8.303601454191135
11.021576473941428
100.00000000000004
1.9240848598265397
5.228563515315748
100.00000000000004
5.56358898809357
100.00000000000004
3.372197464029217
100.00000000000004
10.869500177381711
21.3643503198117
100.00000000000004
10.414419091986518
4.065425428798724
21.3643503198117
100.00000000000004
6.589643437224548
3.1707499796910508
100.00000000000004
3.423526101948177
2.7156804039319287
100.00000000000004
2.608345502477012
3.632928877985223
100.00000000000004
10.103574014050988
20.703167807923965
100.00000000000004
2.421327974671701
100.00000000000004
7.411036392896147
100.00000000000004
3.83368841906066
100.00000000000004
2.908317710573757
10.682175159905848
100.00000000000004
7.495553473355842
7.872039633536712
1.7035962947530545
9.535414040914192
13.7340196432234
2.719665272174911
18.125094264642996
9.287528999566801
4.1858747270392405
100.00000000000004
0.0
28.927969316143198
10.077722142337207
22.900275839396276
11.101345123585622
100.00000000000004
0.0
4.1202784939919095
14.614031921776125
2.716711489421245
100.00000000000004
0.0
26.699726759260532
100.00000000000004
5.693025330278465
3.802351022611669
8.953527447332153
100.00000000000004
6.567274736060395
20.15310821698261
7.495331675327122
3.9766312624257156
12.409597120849801
7.347053125977879
4.410363736106611
12.586929415434845
100.00000000000004
0.0
13.072010980679707
4.668237561305498
2.8048598302198355
9.313775329024091
100.00000000000004
17.965205598154213
11.8184739264916
23.227909232888333
6.165929900836498
21.648776004894565
10.231440834647048
100.00000000000004
4.990049701936832
13.048400449359269
13.232291594986311
4.06838270445336
100.00000000000004
5.669791110976001
13.80913525024962
100.00000000000004
0.0
4.385818589296242
12.650809806003362
18.718732068344597
10.04877071264788
15.907005514553243
10.328666052040193
100.00000000000004
0.0
13.80328350718137
26.518122980477767
5.522397783539471
0.0
5.522397783539471
100.00000000000004
0.0
6.537183436320841
0.0
21.3643503198117
23.967427808075414
20.379765144415735
0.0
18.899730505606332
22.067731046885484
100.00000000000004
20.470368693467826
100.00000000000004
12.22307556087252
17.144629025142446
24.446151121745054
36.415834741383755
100.00000000000004
5.816635421147513
12.045422179467963
4.599683102760639
18.99589214128981
11.044795567078939
6.423094863383858
100.00000000000004
0.0
41.004052208104476
100.00000000000004
0.0
3.0532163871777716
4.280622976493489
7.966506956353643
6.468490584192431
5.522397783539471
11.658133712979243
4.715336796407491
2.15852036483705
0.0
100.00000000000004
3.7541625264671095
100.00000000000004
2.888933649227603
100.00000000000004
0.9972131254285401
100.00000000000004
3.2342452920962157
100.00000000000004
2.1498515598577344
3.4585921141027356
2.445593937240363
46.57188079806611
35.31214369577574
12.512236921161914
9.535414040914192
8.29519350710986
16.59038701421971
13.134549472120788
6.567274736060395
13.134549472120788
6.285596338261262
10.511846841633776
10.511846841633776
51.697315395717055
0.0
13.134549472120788
31.947155212313625
0.0
3.43554045043224
20.89685256289425
13.714932116660458
10.414419091986518
3.1443446386286733
9.535414040914192
5.522397783539471
8.29519350710986
0.0
0.0
16.59038701421971
0.0
13.134549472120788
5.522397783539471
6.567274736060395
5.522397783539471
13.134549472120788
5.522397783539471
6.285596338261262
8.961672320242714
10.511846841633776
16.233395773754953
11.203754340102181
10.511846841633776
4.504556737153658
51.697315395717055
58.73949094699213
4.334264033674369
63.894310424627285
13.134549472120788
8.913765521398126
21.824882776994265
6.802254824715724
31.55984539112946
9.903706676341388
26.270699442995273
3.1251907639724417
15.133218633429316
18.239695659260068
3.770678435743331
3.21858262703621
7.978199887317749
2.763976366763184
6.4334678730746795
3.9164496650022476
15.133218633429316
1.870111979901704
39.76353643835252
20.940395623289575
32.3384287069116
5.300156689756295
100.00000000000004
3.378939372622377
14.66991834074183
23.462350320528007
100.00000000000004
6.534434987768793
100.00000000000004
11.70356570749908
21.3643503198117
100.00000000000004
13.165425112119424
10.682175159905848
100.00000000000004
10.332833235271647
100.00000000000004
10.151466255836382
38.62497427788515
4.491575568657404
16.516618166702898
100.00000000000004
14.313877972337622
24.991130032309904
100.00000000000004
19.305114263211653
100.00000000000004
30.02235118767684
100.00000000000004
6.713084171301134
7.126955677090929
6.814385179012219
22.407508680204366
16.234933391179123
37.08163623065085
100.00000000000004
6.883590282402106
8.913765521398126
3.7477767366779213
24.343304284910328
27.74290545068997
4.303846266589083
100.00000000000004
19.778383252887465
10.682175159905848
100.00000000000004
10.726279796055946
4.286823725047932
21.301724344894833
12.437273126217388
46.17366309441026
12.167215691227353
100.00000000000004
5.30480945950617
100.00000000000004
32.2041269032708
15.78188013810012
14.747364570390475
7.439820585622744
16.96645401271411
22.914213083896932
28.193451000685954
11.096329927337157
24.004900871820197
23.55569892877505
100.00000000000004
11.408424519986973
20.402067066581584
15.22810239482882
4.491575568657404
15.001580773529252
13.51575749048951
39.296476509212795
100.00000000000004
8.665815852041566
37.08163623065085
6.369028971679538
20.458069164373967
100.00000000000004
12.514529589498371
17.141655813177707
7.5744217586349345
6.976059189487863
3.889818545474848
27.054113452696992
100.00000000000004
12.74806088188179
4.752574044797494
27.054113452696992
32.685141385924574
100.00000000000004
26.57962151991068
100.00000000000004
13.311273207378944
100.00000000000004
6.019608768705656
100.00000000000004
3.8887941476618626
100.00000000000004
1.6315831575977806
5.844941052207698
100.00000000000004
7.337445406021778
100.00000000000004
1.9779222026498
6.667753529251714
100.00000000000004
16.54461999338998
5.8343471803385185
100.00000000000004
19.069002543600334
100.00000000000004
16.51200069413031
17.14723239695252
6.614073153463217
6.809398432036521
3.066455401840426
24.815762730223973
3.6178048493143518
100.00000000000004
17.726777658225775
6.614073153463217
5.88389915095781
41.11336169005198
100.00000000000004
20.864293692876853
4.92467473444436
28.286965629130712
23.462350320527996
100.00000000000004
14.631973332919772
10.110879968368387
100.00000000000004
4.421158095332861
12.011055432195764
12.12841170737997
100.00000000000004
8.575148078150818
5.543075160995405
100.00000000000004
9.754648888613179
100.00000000000004
2.014497422069854
14.458535000255038
100.00000000000004
4.1858747270392405
8.493098745313148
15.878174295086993
16.192487668354385
6.614073153463217
6.3414999593821015
100.00000000000004
18.357153089008083
3.316510708273502
6.34177347084289
100.00000000000004
6.160188450504653
4.281981560061815
100.00000000000004
21.610844915624845
100.00000000000004
26.104909033290696
5.391557534401771
100.00000000000004
2.328734903585348
22.407508680204355
100.00000000000004
4.345420532731913
100.00000000000004
4.139535302907061
100.00000000000004
9.092617426809149
47.303887661076175
11.271288813268422
28.285528465878045
0.0
16.838215786343827
0.0
7.262570780347229
54.75182535069452
21.923063971920012
2.7076576267554477
5.983278752571241
40.28998029112095
14.72821272412462
3.9253456897493937
2.445593937240363
35.08439695638686
0.0
1.958224832501124
16.838215786343827
0.0
7.262570780347229
54.75182535069452
21.923063971920012
5.3475478283692555
5.983278752571241
40.28998029112095
14.72821272412462
3.9253456897493937
5.679677445135579
3.3864985683445354
8.73716785171588
21.0434166167833
34.66806371753173
41.11336169005198
27.439787098417238
33.86234512009848
5.9383205677098845
11.0011140030416
12.933368946537525
7.395266492573242
24.398636512078777
9.916936240476373
7.456700599860426
10.040878132404744
15.429211280262136
5.652269749540962
6.155322223147551
15.094335849820377
10.289067604425753
4.1739320241008215
11.454498867533461
34.6064325473461
100.00000000000004
0.0
9.139939913842996
16.233395773754953
100.00000000000004
11.174566604277198
100.00000000000004
6.416369586553773
4.230885664553895
18.78921507781289
8.864585825134634
52.53819788848316
40.361449274840346
31.947155212313625
100.00000000000004
20.04651684306172
31.065583953962282
4.1858747270392405
100.00000000000004
11.22650134950374
14.98387705347711
21.373616219851645
3.946803552137197
10.50176352370787
7.1933868327348085
3.9835685419089333
34.57207846419409
100.00000000000004
9.234725318712593
9.941490945601677
8.700223397019132
9.75025377549685
4.896265866505465
0.0
10.991514729498917
13.767180564804207
3.4748905597584168
28.45727605579172
12.99080632357416
4.334264033674369
6.567274736060395
13.304062588217075
4.456882760699063
9.735902340966312
5.669791110976001
4.226657240185128
11.11789548985491
10.228757016163994
14.991106946711685
7.795274631335563
3.2342452920962157
100.00000000000004
12.936428311874833
25.82706615094075
15.60154507253141
5.039518688486958
28.176821045482058
23.627505261482753
44.71018619258421
7.102549926281307
0.0
100.00000000000004
16.500462906194567
16.976313170182667
2.172054551709621
9.652434877402245
100.00000000000004
17.401001699461727
15.97357760615681
100.00000000000004
9.415373483356213
4.9323515694897075
100.00000000000004
11.893679431884056
100.00000000000004
10.795634992181975
2.8094440615216496
14.879641171245488
100.00000000000004
27.90886521541843
100.00000000000004
36.45548948276718
15.462454495239937
100.00000000000004
10.071378883301813
12.192550254402313
20.68663197954142
20.60839617400364
15.980518115118317
10.127993013562818
27.526990943873297
0.0
100.00000000000004
12.312282409202572
17.36086198203101
6.4278857643979554
30.213753973567677
25.55405052347373
31.53554052490131
8.282282660969603
6.567274736060395
100.00000000000004
34.12221389837076
6.082055310628112
37.709297891717654
15.133218633429316
15.384750052099497
100.00000000000004
0.0
100.00000000000004
41.418891600817815
31.947155212313625
100.00000000000004
7.3332016447467865
15.179857311923614
100.00000000000004
5.657548369823611
0.0
100.00000000000004
24.761650580786526
100.00000000000004
1.943043650185126
2.5256082933633794
1.3737889784665156
1.6466642419110007
2.568331954752977
2.6374077368969155
4.34373789135831
1.8306333543076283
2.152935261358287
6.5504262288706006
4.34373789135831
0.9470129499649228
2.3120466838556255
1.4099289021252361
0.0
2.172481957927964
2.2333118979022744
0.0
100.00000000000004
1.9050169756515931
1.8160849415439309
7.535332437964717
0.9993021000432901
100.00000000000004
2.4830610569496656
3.472993788150883
0.0
1.633898440122165
2.7396608099667015
1.9011755113058346
3.4544475984335747
0.0
1.5712473660626858
100.00000000000004
2.799103318440567
0.0
100.00000000000004
5.3276409214924225
1.940726240595641
100.00000000000004
2.422307723180431
4.641000875129305
0.0
100.00000000000004
2.756196367765783
1.1902875732913087
26.338602515275838
12.331859801672994
5.405788114565832
26.730906066300673
11.008902897483148
17.662903260733675
11.752701606523267
100.00000000000004
10.552670315936318
100.00000000000004
10.988385019257867
9.59330328254962
100.00000000000004
8.724562123777478
100.00000000000004
17.100536429359835
8.727239235848943
6.877439247346581
4.108053662461269
100.00000000000004
8.78360261971396
100.00000000000004
8.116697886877475
100.00000000000004
4.864153337376306
1.8168461059983592
3.2525808457905
14.230715327204656
3.673526562988939
6.019608768705656
8.777339797465444
33.18534562118608
100.00000000000004
3.5554772875936536
14.681953591514498
100.00000000000004
3.525870492391618
9.535414040914192
100.00000000000004
37.23091902601645
100.00000000000004
3.319709243312856
3.652945772536268
100.00000000000004
19.532265607774466
100.00000000000004
11.75760284554437
100.00000000000004
9.464371716391797
3.4197980307804725
100.00000000000004
15.97357760615681
100.00000000000004
5.650668170318576
8.611161279613844
6.243721548825869
8.352104714310894
100.00000000000004
7.130269256758841
100.00000000000004
12.45699390802689
8.216107324922536
100.00000000000004
34.66806371753173
100.00000000000004
3.7447837904003842
100.00000000000004
9.46234034960215
49.99999999999999
0.0
100.00000000000004
34.779770928081405
100.00000000000004
29.92174937838408
7.881926575633942
100.00000000000004
31.896056173040126
100.00000000000004
1.4491339833989647
31.966494066453183
0.0
9.677634497170786
13.477195735247783
2.4386622221532948
11.54394386266122
8.609583710384033
4.048235084269891
12.391428553821699
100.00000000000004
12.22307556087252
5.039649747442597
100.00000000000004
11.012419619306524
27.945361276543984
7.144309424510733
14.298934729568986
4.547346997242238
12.703318703865365
9.908525714904282
5.618923497225256
12.874330508144842
100.00000000000004
16.36855211134141
11.696299829645893
4.265552167438487
2.1108356757799123
6.754312828675707
15.799783604363904
11.451997463067551
11.56809589245347
3.7726698069117846
20.105373454060025
13.342237066731009
15.20686177458848
10.624846959269387
19.878824402538832
5.680999518138791
6.861289152387096
26.68730618874673
10.134332918397133
18.649112854875323
3.4901807086831904
4.982856300360744
4.814971807094068
1.6337196277047001
22.86281639451529
3.511476270817333
6.082055310628112
20.918707282385295
7.347053125977879
4.570198850261071
3.639374222382003
11.14170602339685
16.007716419412468
28.340522905756234
5.3072774087159935
7.10555391350209
100.00000000000004
15.939085969325388
3.0759934809350447
4.618409529524241
4.141141330484801
22.997519112894437
20.78787665206437
10.453451026925295
100.00000000000004
8.700223397019135
9.379601158083608
2.703251334489793
11.43779007695729
100.00000000000004
8.816962431100253
6.627878376645522
2.6758470439490867
5.206817680089559
2.00253816579616
23.990931212409276
6.262411456218506
4.141141330484801
23.977362037775205
13.134549472120788
100.00000000000004
3.5536559081652053
16.188613565728215
4.807547001959649
6.874614919231699
7.069301148938886
14.991106946711685
11.595071162902999
38.25188992413084
100.00000000000004
16.45494395423276
11.326622904675613
6.870636427700047
9.031580740923369
15.550747500949305
2.8265205879007453
0.0
0.0
23.815634868812534
100.00000000000004
9.287528999566801
100.00000000000004
33.49151749202642
51.02002548573252
15.390999839285854
5.702012162184317
12.88432341815032
8.066974340737668
0.0
38.97574951973984
100.00000000000004
100.00000000000004
0.0
6.688301374060029
9.362537959985184
8.913765521398126
4.796351562122305
3.9253456897493937
2.445593937240363
47.987820666906615
100.00000000000004
100.00000000000004
0.0
2.923637789252517
6.688301374060029
9.362537959985184
8.913765521398126
4.796351562122305
3.9253456897493937
8.59076483566362
3.3864985683445354
9.287528999566801
33.48991442112461
22.416933501922287
0.0
2.9171735901692597
5.6199476542517335
7.481424186273333
6.964541799727335
8.298141861407633
1.9240848598265397
14.339770928720109
5.156674665890637
6.6711185333655045
3.6321698830878617
7.575132471451447
18.879521773374403
2.445593937240363
17.491650626361256
14.535768424205482
0.0
2.8265205879007453
2.9171735901692597
5.6199476542517335
7.481424186273333
6.964541799727335
8.298141861407633
1.9240848598265397
14.339770928720109
5.156674665890637
6.6711185333655045
3.6321698830878617
7.575132471451447
18.879521773374403
17.377138231975334
2.445593937240363
47.987820666906615
0.0
0.0
32.032883819806926
48.25176099425972
4.861086827434944
14.716454767100162
3.0397156830248746
3.1251907639724417
0.0
36.78794411714425
36.78794411714425
100.00000000000004
11.48397552076213
19.789762002725826
2.5732150526224724
4.9846888244961605
5.453617964371159
1.7557381354086663
100.00000000000004
0.0
4.990049701936832
15.14592812667958
0.0
100.00000000000004
21.3643503198117
7.429873105755082
6.285596338261262
3.604558701690077
11.928017366944019
4.882349709235483
10.941993099373985
7.7382950866431255
5.223577740745085
100.00000000000004
4.568945905465809
100.00000000000004
18.3294136480062
16.183237049280912
6.7661652521453
2.1671320168371846
5.224765017341378
15.930423437624409
3.357041136813362
6.949313056314077
15.714823535421738
19.306698300385474
19.62055371661651
34.98330125272253
49.99999999999999
15.97357760615681
39.553325358771794
4.5762708103494685
12.35622127262679
33.94972403437308
9.652434877402245
77.25505949016376
22.117856823621686
0.0
9.782375748961453
14.418234806760303
30.213753973567677
9.560408787521254
10.682175159905848
12.6254971485354
12.219667481477892
18.393972058572114
100.00000000000004
0.0
1.4596454423224443
5.60689004054307
5.0735520042259505
2.8797952680604375
9.672649511413097
4.546308713404575
15.97357760615681
5.3112565551316555
3.890531292833292
0.0
7.955891555490761
4.546308713404575
0.0
8.054496384843702
8.534428913397688
100.00000000000004
41.07267548317981
17.92334464048543
4.9323515694897075
3.787865612579481
0.0
3.673526562988939
2.371785887867442
1.3737889784665156
0.0
5.522397783539471
0.0
6.987283777978614
2.8310852916881273
4.456882760699063
4.886496082151865
7.326214764990916
11.272262535520236
6.608973813188645
2.1476912089159055
100.00000000000004
100.00000000000004
10.729362726900426
8.913765521398126
100.00000000000004
0.0
3.110380511852074
15.903756988321813
100.00000000000004
19.306327221105672
6.285596338261262
3.275436973907051
5.394913100368592
2.796469669893217
10.626627971817584
100.00000000000004
4.383973390157487
100.00000000000004
23.693055763743093
11.57084147123616
8.054496384843702
7.481424186273336
18.93993445963298
6.07203811053669
19.306698300385474
2.6643211213888947
9.08579924702316
15.529474628734382
49.99999999999999
16.784459625186194
6.409514917711254
5.023076320278877
4.896265866505465
6.439931429457922
1.6794256847485503
3.522178852298636
6.244906872927618
9.74812453975988
5.885295453595563
18.99589214128981
100.00000000000004
0.0
7.378207406861627
0.0
18.99589214128981
9.652434877402245
3.4585921141027365
4.5762708103494685
12.35622127262679
46.92470064105599
6.27465531099474
77.25505949016376
29.0419474595935
10.682175159905848
9.782375748961453
14.418234806760303
41.11336169005198
9.560408787521254
8.066974340737671
13.232291594986311
100.00000000000004
12.071080097056063
30.277029197532105
7.347053125977879
64.79121525090147
54.75182535069452
15.929387475042885
22.595143867131945
24.792593034873583
8.643019616048525
75.98356856515926
42.988105429544596
15.97357760615681
4.456882760699063
14.59616940826799
10.682175159905848
100.00000000000004
0.0
6.243721548825869
3.025214638175392
5.0735520042259505
3.366746772055075
9.672649511413097
6.189295109973405
15.97357760615681
7.334959170370916
3.890531292833292
0.0
6.986768364373987
24.04315522172745
15.859534261828522
0.0
3.737437943747671
3.2808945250121386
100.00000000000004
41.07267548317981
17.92334464048543
4.9323515694897075
16.1200765717348
8.542863984436885
2.2140688474588806
0.0
15.387569062763298
4.9323515694897075
3.787865612579481
0.0
3.737437943747671
5.785107780984217
2.1578108029022394
1.4014248243844825
3.377156414337854
7.812625691270017
51.697315395717055
17.694975149532556
59.4603557501361
2.1821432764033815
4.064082005759374
9.234725318712593
0.0
100.00000000000004
11.681570771679114
28.917849332325716
31.310657168927865
9.669265690880861
100.00000000000004
39.679548027616235
100.00000000000004
19.05195539361547
12.062940248564933
51.697315395717055
26.82243610927599
100.00000000000004
100.00000000000004
49.202745153855076
7.411953350931001
20.105373454060025
4.1246854488197995
6.482536869644624
8.054258141651433
24.12439786639039
0.0
100.00000000000004
7.772174600740504
28.917849332325716
100.00000000000004
4.201098753305596
42.72870063962342
100.00000000000004
15.97357760615681
15.619699684601281
25.40663740773074
25.40663740773074
25.40663740773074
31.947155212313625
4.065425428798724
6.567274736060395
7.928399830171251
5.8607507033189945
2.816436055679256
1.9240848598265397
4.1877510718020154
6.897118051293307
6.211915815063895
100.00000000000004
100.00000000000004
0.0
7.0115697671184485
2.5131854313529596
6.610740210196061
7.929026506841378
10.924856017658641
1.8718201228724969
17.729842264695016
3.0684666329621217
12.524296922554008
5.064476165466096
4.524812561805152
2.2694309136445803
17.641802268550048
3.3857151099767084
3.3783824646490235
2.525918505165314
4.85815973404977
100.00000000000004
0.0
4.357791506212967
11.96655750514248
4.546308713404575
3.9538040630560025
2.9048326022045963
100.00000000000004
4.767707020457095
17.747405280050266
6.07128396953431
10.51395464925141
3.639374222382003
2.0727870141861637
2.548807901150031
0.9947104011743569
3.2808945250121386
18.519747038795867
4.3874551379729745
4.807547001959649
9.652434877402245
6.632729312157198
7.347053125977879
5.779759966370243
15.948715931428461
100.00000000000004
2.627961710408444
3.3310994267886502
7.237067599340368
6.977877744524463
3.80607185061895
24.87344417023397
49.99999999999999
8.116697886877475
15.310245441182444
7.696339439306159
8.941034298312518
12.35622127262679
3.737437943747671
6.437165254072419
12.436722085116983
24.543612792919674
4.780204393760627
2.7009405216090587
6.4699678550182895
3.673526562988939
4.514788618484021
14.772199911861211
3.816093295028703
3.9164496650022476
3.9063128456350094
2.9000744656730446
18.77646789729767
3.639374222382003
10.511846841633776
13.065113298388567
4.28431786341295
7.655122720591221
100.00000000000004
0.0
7.370365798650155
3.9758126979964734
13.846218033402726
18.99589214128981
21.3643503198117
15.911783110981522
28.295596283263514
17.592798969308117
10.521495173810226
17.4932986566737
28.253017719977493
1.6677796333413761
15.606652450871637
4.968018039415939
35.218565358232375
